1	131458	5
1	131945	5
1	191795	5
1	156974	5
1	111111	5
1	132916	5
1	188852	5
1	140233	5
1	139799	5
1	179794	5
1	136830	5
1	184643	5
1	196000	5
1	155990	5
1	156754	5
1	187123	5
1	133883	5
1	119676	5
1	138631	5
1	156114	5
1	128370	5
1	110423	5
1	103065	5
1	109543	5
1	198936	5
1	110854	5
1	191282	5
1	112343	5
1	142199	5
1	180800	5
1	172219	5
1	178590	5
1	152956	5
1	189928	5
1	142323	5
1	114301	5
1	182657	5
1	108668	5
1	107501	5
1	132574	5
1	176168	5
1	126138	5
1	103444	5
1	155828	5
1	160447	5
1	140321	5
1	113124	5
1	192587	5
1	103004	5
1	118889	5
1	129743	5
1	117976	5
1	164153	5
1	109174	5
1	197331	5
1	197122	5
1	158232	5
1	165515	5
1	111993	5
1	163975	5
1	170941	5
1	152733	5
1	102404	5
1	199189	5
1	108803	5
1	107250	5
1	111298	5
1	135045	5
1	179607	5
1	133707	5
1	179517	5
1	181714	5
1	117713	5
1	157949	5
1	121214	5
1	174450	5
1	134835	5
1	108921	5
1	180704	5
1	199240	5
1	121143	5
1	131939	5
1	110629	5
1	168412	5
1	191899	5
1	135435	5
1	188344	5
1	153273	5
1	102792	5
1	117702	5
1	179992	5
1	111819	5
1	140258	5
1	112200	5
1	114103	5
1	183966	5
1	170531	5
1	150407	5
1	122527	5
1	200431	5
1	112332	5
1	114199	5
1	129677	5
1	145977	5
1	118348	5
1	132882	5
1	132809	5
1	157662	5
1	184834	5
1	107585	5
1	170503	5
1	153787	5
1	108522	5
1	182730	5
1	110750	5
1	110662	5
1	173181	5
1	189991	5
1	120043	5
1	160521	5
1	145292	5
1	127966	5
1	123627	5
1	114142	5
1	183889	5
1	114120	5
1	172523	5
1	143324	5
1	178497	5
1	103422	5
1	102929	5
1	103535	5
1	164319	5
1	164116	5
1	143367	5
1	181843	5
1	197456	5
1	200829	5
1	145447	5
1	126164	5
1	153901	5
1	154081	5
1	177189	5
1	190911	5
1	145740	5
1	190997	5
1	191820	5
1	113946	5
1	135601	5
1	154335	5
1	139512	5
1	123067	5
1	183856	5
1	193228	5
1	198466	5
1	114661	5
1	112013	5
1	172969	5
1	102124	5
1	184107	5
1	153968	5
1	192611	5
1	116501	5
1	197355	5
1	151841	5
1	118856	5
1	110496	5
1	157837	5
1	129119	5
1	198157	5
1	198056	5
1	194194	5
1	202010	5
1	153147	5
1	158331	5
1	186790	5
1	190887	5
1	187763	5
1	151337	5
1	159835	5
1	185953	5
1	160712	5
1	151686	5
1	177935	5
1	129556	5
1	161129	5
1	180541	5
1	131422	5
1	108877	5
1	136914	5
1	143434	5
1	197303	5
1	157646	5
1	157690	5
1	103709	5
1	134925	5
1	102770	5
1	159862	5
1	136966	5
1	200571	5
1	109878	5
1	110517	5
1	182959	5
1	174062	5
1	147273	5
1	190958	5
1	190272	5
1	118483	5
1	118281	5
1	107986	5
1	156475	5
1	149634	5
1	156213	5
1	198972	5
1	159936	5
1	111581	5
1	110313	5
1	134884	5
1	204516	5
1	119801	5
1	149943	5
1	150741	5
1	117063	5
1	128025	5
1	127942	5
1	102066	5
1	112908	5
1	139406	5
1	110121	5
1	151447	5
1	167974	5
1	157288	5
1	197265	5
1	146364	5
1	157159	5
1	157563	5
1	174598	5
1	205740	5
1	197232	5
1	110412	5
1	113432	5
1	157826	5
1	109977	5
1	129470	5
1	112244	5
1	139579	5
1	151472	5
1	151510	5
1	110761	5
1	112717	5
1	155962	5
1	165403	5
1	113333	5
1	122377	5
1	203750	5
1	192622	5
1	174436	5
1	151216	5
1	136264	5
1	109757	5
1	198140	5
1	101745	5
1	201268	5
1	184604	5
1	151348	5
1	190171	5
1	127270	5
1	108164	5
1	177055	5
1	140706	5
1	198222	5
1	127867	5
1	111564	5
1	205734	5
1	118227	5
1	129530	5
1	112286	5
1	169186	5
1	136867	5
1	194093	5
1	132708	5
1	179022	5
1	101431	5
1	102234	5
1	101627	5
1	193327	5
1	140605	5
1	139390	5
1	123499	5
1	175342	5
1	166990	5
1	139703	5
1	107307	5
1	113014	5
1	109292	5
1	140168	5
1	125986	5
1	123653	5
1	136768	5
1	157848	5
1	160393	5
1	199141	5
1	127007	5
1	131551	5
1	132725	5
1	189166	5
1	127051	5
1	113984	5
1	154678	5
1	111034	5
1	156295	5
1	149685	5
1	156059	5
1	101233	5
1	125678	5
1	206162	5
1	161941	5
1	142032	5
1	167059	5
1	103584	5
1	203860	5
1	142715	5
1	176024	5
1	165466	5
1	169909	5
1	199891	5
1	120782	5
1	188918	5
1	151813	5
1	126778	5
1	139695	5
1	107491	5
1	165431	5
1	197478	5
1	112807	5
1	172318	5
1	144538	5
1	113386	5
1	170797	5
1	109382	5
1	123196	5
1	116624	5
1	180968	5
1	193437	5
1	113102	5
1	107540	5
1	194844	5
1	164237	5
1	141397	5
1	129453	5
1	144808	5
1	134739	5
1	124386	5
1	117254	5
1	101936	5
1	122079	5
1	167726	5
1	139038	5
1	112972	5
1	101638	5
1	117451	5
1	113550	5
1	139689	5
1	174532	5
1	196434	5
1	191006	5
1	149451	5
1	111197	5
1	101664	5
1	111645	5
1	193493	5
1	173544	5
1	158210	5
1	205504	5
1	166443	5
1	173006	5
1	149575	5
1	110214	5
1	143011	5
1	196176	5
1	149215	5
1	109018	5
1	198304	5
1	101919	5
1	203069	5
1	198211	5
1	160408	5
1	193263	5
1	119978	5
1	122355	5
1	101258	5
1	101681	5
1	119700	5
1	118408	5
1	151559	5
1	176140	5
1	117842	5
1	187067	5
1	117164	5
1	144639	5
1	129541	5
1	144001	5
1	170555	5
1	111232	5
1	135657	5
1	138897	5
1	177660	5
1	175735	5
1	152632	5
1	175982	5
1	106957	5
1	131805	5
1	120881	5
1	101873	5
1	161733	5
1	101112	5
1	184621	5
1	103379	5
1	112983	5
1	149842	5
1	158265	5
1	157058	5
1	140002	5
1	139540	5
1	126668	5
1	136450	5
1	156636	5
1	152698	5
1	122456	5
1	179848	5
1	137008	5
1	156188	5
1	157629	5
1	156021	5
1	119868	5
1	111926	5
1	132069	5
1	199839	5
1	103098	5
1	124660	5
1	111355	5
1	111617	5
1	178551	5
1	118354	5
1	120199	5
1	178340	5
1	189838	5
1	187222	5
1	186954	5
1	170840	5
1	177990	5
1	111847	5
1	199195	5
1	142737	5
1	122331	5
1	159717	5
1	142625	5
1	159780	5
1	157927	5
1	110591	5
1	102749	5
1	108976	5
1	197175	5
1	191679	5
1	166660	5
1	159681	5
1	112554	5
1	111265	5
1	166547	5
1	108586	5
1	158034	5
1	112185	5
1	121058	5
1	196725	5
1	196938	5
1	206107	5
1	200321	5
1	172154	5
1	119769	5
1	161643	5
1	120694	5
1	199929	5
1	160768	5
1	103278	5
1	199077	5
1	169265	5
1	151051	5
1	188806	5
1	126998	5
1	195087	5
1	172148	5
1	113626	5
1	189076	5
1	151046	5
1	173308	5
1	114518	5
1	138464	5
1	110069	5
1	165664	5
1	145988	5
1	182987	5
1	192521	5
1	135533	5
1	102358	5
1	198089	5
1	129246	5
1	175926	5
1	122210	5
1	102167	5
1	113300	5
1	108361	5
1	156939	5
1	184239	5
1	163568	5
1	197915	5
1	101649	5
1	138996	5
1	111320	5
1	117575	5
1	196299	5
1	151757	5
1	205270	5
1	177285	5
1	120166	5
1	161245	5
1	151139	5
1	184094	5
1	101477	5
1	108293	5
1	178032	5
1	112258	5
1	154351	5
1	193190	5
1	134873	5
1	118139	5
1	159258	5
1	173976	5
1	127796	5
1	146643	5
1	120917	5
1	188257	5
1	111057	5
1	157725	5
1	203266	5
1	176089	5
1	152722	5
1	190070	5
1	153119	5
1	156737	5
1	174163	5
1	138787	5
1	158023	5
1	120241	5
1	189881	5
1	147119	5
1	205436	5
1	111790	5
1	129524	5
1	187961	5
1	140286	5
1	203011	5
1	126730	5
1	195213	5
1	163703	5
1	170353	5
1	205942	5
1	164045	5
1	148445	5
1	197570	5
1	197441	5
1	118734	5
1	113020	5
1	177344	5
1	157302	5
1	150904	5
1	186819	5
1	124525	5
1	173932	5
1	124508	5
1	176972	5
1	206008	5
1	107703	5
1	165605	5
1	110949	5
1	194015	5
1	194251	5
1	136802	5
1	151264	5
1	189301	5
1	203187	5
1	128061	5
1	131661	5
1	112862	5
1	192018	5
1	191116	5
1	142870	5
1	193151	5
1	121198	5
1	156816	5
1	166907	5
1	117418	5
1	163714	5
1	123244	5
1	126976	5
1	133674	5
1	134200	5
1	149533	5
1	168242	5
1	124984	5
1	124770	5
1	162317	5
1	111883	5
1	205669	5
1	190384	5
1	109521	5
1	134791	5
1	136895	5
1	136955	5
1	112078	5
1	157097	5
1	148474	5
1	140200	5
1	197527	5
1	157893	5
1	111424	5
1	101835	5
1	107969	5
1	103010	5
1	107346	5
1	206047	5
1	196927	5
1	157440	5
1	110367	5
1	133872	5
1	144894	5
1	154148	5
1	127139	5
1	134286	5
1	187807	5
1	191778	5
1	180765	5
1	120952	5
1	111144	5
1	122366	5
1	195065	5
1	147886	5
1	113189	5
1	154318	5
1	112961	5
1	140515	5
1	177088	5
1	206019	5
1	123056	5
1	202103	5
1	102547	5
1	193542	5
1	203815	5
1	178870	5
1	153844	5
1	150713	5
1	175581	5
1	150623	5
1	205867	5
1	161812	5
1	205337	5
1	127830	5
1	125821	5
1	121299	5
1	131507	5
1	101420	5
1	102223	5
1	119812	5
1	190294	5
1	120010	5
1	199764	5
1	171979	5
1	141951	5
1	198403	5
1	101056	5
1	190038	5
1	108820	5
1	109472	5
1	145813	5
1	111960	5
1	139898	5
1	102465	5
1	192734	5
1	146566	5
1	161047	5
1	117435	5
1	101442	5
1	186735	5
1	194125	5
1	194380	5
1	112211	5
1	200013	5
1	189059	5
1	149446	5
1	139523	5
1	147207	5
1	113003	5
1	196708	5
1	157860	5
1	110826	5
1	102626	5
1	113167	5
1	178715	5
1	109139	5
1	173943	5
1	136701	5
1	188031	5
1	160955	5
1	120065	5
1	126149	5
1	200780	5
1	135612	5
1	138524	5
1	149866	5
1	118062	5
1	157277	5
1	112304	5
1	181804	5
1	117668	5
1	113654	5
1	154053	5
1	149544	5
1	125049	5
1	145461	5
1	128520	5
1	112365	5
1	185736	5
1	149932	5
1	117308	5
1	113907	5
1	125766	5
1	169377	5
1	193448	5
1	139557	5
1	191226	5
1	201397	5
1	205622	5
1	198275	5
1	178881	5
1	160633	5
1	136734	5
1	109914	5
1	120103	5
1	156458	5
1	113615	5
1	151483	5
1	114546	5
1	127090	5
1	113637	5
1	167945	5
1	157220	5
1	174337	5
1	111467	5
1	113781	5
1	152879	5
1	136436	5
1	193956	5
1	110772	5
1	102738	5
1	113536	5
1	174227	5
1	112571	5
1	177432	5
1	140560	5
1	113369	5
1	129642	5
1	118084	5
1	109889	5
1	110132	5
1	181005	5
1	131906	5
1	148613	5
1	111023	5
1	157434	5
1	147822	5
1	110288	5
1	139887	5
1	202945	5
1	118051	5
1	109701	5
1	177525	5
1	144751	5
1	179434	5
1	134983	5
1	103295	5
1	111762	5
1	127914	5
1	197001	5
1	205180	5
1	173657	5
1	109461	5
1	177716	5
1	140056	5
1	157479	5
1	174371	5
1	168302	5
1	167661	5
1	174035	5
1	112477	5
1	139777	5
1	174216	5
1	114256	5
1	158085	5
1	149336	5
1	118035	5
1	119025	5
1	153026	5
1	185860	5
1	166781	5
1	160878	5
1	142114	5
1	193415	5
1	150462	5
1	102077	5
1	200706	5
1	177508	5
1	139445	5
1	121981	5
1	200582	5
1	196121	5
1	173237	5
1	149724	5
1	150932	5
1	151393	5
1	175388	5
1	142059	5
1	142230	5
1	147306	5
1	114379	5
1	197259	5
1	192565	5
1	154445	5
1	154557	5
1	194776	5
1	131295	5
1	185964	5
1	107452	5
1	117028	5
1	123605	5
1	129374	5
1	114131	5
1	124594	5
1	154452	5
1	191959	5
1	191756	5
1	109035	5
1	118768	5
1	107624	5
1	151174	5
1	140095	5
1	177609	5
1	154171	5
1	110719	5
1	118450	5
1	112387	5
1	197424	5
1	140477	5
1	139865	5
1	182702	5
1	182803	5
1	204320	5
1	144735	5
1	203736	5
1	114411	5
1	109903	5
1	110401	5
1	184868	5
1	182039	5
1	117533	5
1	134706	5
1	102891	5
1	136292	5
1	111707	5
1	199113	5
1	151238	5
1	177962	5
1	118559	5
1	156444	5
1	155863	5
1	131562	5
1	101593	5
1	192723	5
1	156709	5
1	156625	5
1	109073	5
1	103103	5
1	132826	5
1	157485	5
1	159477	5
1	140179	5
1	112791	5
1	144606	5
1	194374	5
1	122298	5
1	142980	5
1	147290	5
1	194391	5
1	160472	5
1	102817	5
1	121882	5
1	174128	5
1	147161	5
1	194833	5
1	181731	5
1	140024	5
1	165332	5
1	179684	5
1	117446	5
1	198041	5
1	166375	5
1	147082	5
1	186057	5
1	154534	5
1	191127	5
1	102852	5
1	165269	5
1	113749	5
1	174354	5
1	136139	5
1	151931	5
1	159376	5
1	64025_F12_COROG436790	5
1	64025_G12_COROG436810	5
1	64025_H12_COROG436814	5
1	64795_A01_COROG438282	5
1	64795_A02_COROG438329	5
1	64795_A04_COROG438233	5
1	64795_A05_COROG438199	5
1	64795_A06_COROG438236	5
1	64795_A07_COROG438175	5
1	64795_A08_COROG438190	5
1	64795_A10_COROG438224	5
1	64795_A12_COROG438161	5
1	64795_B01_COROG438317	5
1	64795_B02_COROG438193	5
1	64795_B04_COROG438235	5
1	64795_B05_COROG438203	5
1	64795_B06_COROG438247	5
1	64795_B07_COROG438179	5
1	64795_B08_COROG438200	5
1	64795_B09_COROG438251	5
1	64795_B11_COROG438216	5
1	64795_B12_COROG438163	5
1	64795_C01_COROG438281	5
1	64795_C02_COROG438197	5
1	64795_C04_COROG438253	5
1	64795_C05_COROG438222	5
1	64795_C06_COROG438252	5
1	64795_C07_COROG438207	5
1	64795_C08_COROG438201	5
1	64795_C10_COROG438229	5
1	64795_C11_COROG438221	5
1	64795_C12_COROG438091	5
1	64795_D01_COROG438269	5
1	64795_D02_COROG438206	5
1	64795_D04_COROG438265	5
1	64795_D05_COROG438234	5
1	64795_D06_COROG438254	5
1	64795_D07_COROG438211	5
1	64795_D08_COROG438202	5
1	64795_D09_COROG438188	5
1	64795_D10_COROG438231	5
1	64795_D12_COROG438094	5
1	64795_E01_COROG438341	5
1	64795_E02_COROG438225	5
1	64795_E03_COROG438215	5
1	64795_E04_COROG438186	5
1	64795_E05_COROG438237	5
1	64795_E06_COROG438259	5
1	64795_E07_COROG438212	5
1	64795_E08_COROG438204	5
1	64795_E09_COROG438192	5
1	64795_E10_COROG438248	5
1	64795_E11_COROG438105	5
1	64795_E12_COROG438098	5
1	64795_F01_COROG438293	5
1	64795_F02_COROG438230	5
1	64795_F03_COROG438219	5
1	64795_F04_COROG438187	5
1	64795_F05_COROG438205	5
1	64795_F06_COROG438176	5
1	64795_F07_COROG438246	5
1	64795_F08_COROG438228	5
1	64795_F09_COROG438194	5
1	64795_F10_COROG438250	5
1	64795_F11_COROG438117	5
1	64795_F12_COROG438125	5
1	64795_G01_COROG438353	5
1	64795_G02_COROG438242	5
1	64795_G03_COROG438262	5
1	64795_G04_COROG438189	5
1	64795_G05_COROG438218	5
1	64795_G06_COROG438185	5
1	64795_G07_COROG438261	5
1	64795_G08_COROG438239	5
1	64795_G09_COROG438195	5
1	64795_G10_COROG438260	5
1	64795_G11_COROG438119	5
1	64795_G12_COROG438130	5
1	64795_H01_COROG438270	5
1	64795_H02_COROG438249	5
1	64795_H03_COROG438263	5
1	64795_H04_COROG438198	5
1	64795_H05_COROG438223	5
1	64795_H06_COROG438191	5
1	64795_H07_COROG438173	5
1	64795_H08_COROG438240	5
1	64795_H09_COROG438214	5
1	64795_H10_COROG438178	5
1	64795_H11_COROG438142	5
1	64795_H12_COROG438134	5
1	64796_A01_COROG438140	5
1	64796_A02_COROG438110	5
1	64796_A03_COROG438146	5
1	64796_A04_COROG438141	5
1	64796_A05_COROG438080	5
1	64796_A06_COROG438079	5
1	64796_A07_COROG438092	5
1	64796_A08_COROG438097	5
1	64796_A09_COROG437983	5
1	64796_A10_COROG437982	5
1	64796_A11_COROG438051	5
1	64796_A12_COROG438018	5
1	64796_B01_COROG438145	5
1	64796_B02_COROG438113	5
1	64796_B03_COROG438155	5
1	64796_B04_COROG438144	5
1	64796_B05_COROG438093	5
1	64796_B06_COROG438084	5
1	64796_B07_COROG438114	5
1	64796_B08_COROG438104	5
1	64796_B09_COROG437991	5
1	64796_B10_COROG438002	5
1	64796_B11_COROG438059	5
1	64796_B12_COROG438021	5
1	64796_C01_COROG438156	5
1	64796_C02_COROG438118	5
1	64796_C03_COROG438158	5
1	64796_C04_COROG438149	5
1	64796_C05_COROG438107	5
1	64796_C06_COROG438085	5
1	64796_C07_COROG438121	5
1	64796_C08_COROG438017	5
1	64796_C09_COROG438006	5
1	64796_C10_COROG438005	5
1	64796_C11_COROG438069	5
1	64796_D01_COROG438077	5
1	64796_D02_COROG438120	5
1	64796_D03_COROG438168	5
1	64796_D06_COROG438089	5
1	64796_D07_COROG438122	5
1	64796_D08_COROG438025	5
1	64796_D09_COROG438019	5
1	64796_D10_COROG438013	5
1	64796_E01_COROG438081	5
1	64796_E02_COROG438126	5
1	64796_E03_COROG438078	5
1	64796_E05_COROG438127	5
1	64796_E06_COROG438103	5
1	64796_E07_COROG438138	5
1	64796_E08_COROG438037	5
1	64796_E10_COROG438020	5
1	64796_E11_COROG437988	5
1	64796_E12_COROG438070	5
1	64796_F01_COROG438082	5
1	64796_F02_COROG438128	5
1	64796_F03_COROG438115	5
1	64796_F04_COROG438157	5
1	64796_F05_COROG438154	5
1	64796_F06_COROG438152	5
1	64796_F07_COROG438143	5
1	64796_F08_COROG438061	5
1	64796_F09_COROG438050	5
1	64796_F10_COROG438022	5
1	64796_F11_COROG437990	5
1	64796_F12_COROG437984	5
1	64796_G01_COROG438106	5
1	64796_G02_COROG438129	5
1	64796_G03_COROG438116	5
1	64796_G04_COROG438167	5
1	64796_G06_COROG438153	5
1	64796_G07_COROG438095	5
1	64796_G08_COROG438071	5
1	64796_G10_COROG438030	5
1	64796_G11_COROG437995	5
1	64796_G12_COROG437987	5
1	64796_H01_COROG438108	5
1	64796_H02_COROG438139	5
1	64796_H03_COROG438137	5
1	64796_H04_COROG438169	5
1	64796_H05_COROG438164	5
1	64796_H06_COROG438090	5
1	64796_H07_COROG438096	5
1	64796_H08_COROG438073	5
1	64796_H09_COROG438072	5
1	64796_H10_COROG438033	5
1	64796_H11_COROG437997	5
1	64796_H12_COROG437994	5
1	64797_A01_COROG437996	5
1	64797_A02_COROG438065	5
1	64797_A03_COROG437981	5
1	64797_A04_COROG438039	5
1	64797_A05_COROG438054	5
1	64797_A06_COROG437965	5
1	64797_A07_COROG437947	5
1	64797_A08_COROG437957	5
1	64797_A09_COROG437940	5
1	64797_A10_COROG437904	5
1	64797_A11_COROG437916	5
1	64797_A12_COROG437938	5
1	64797_B02_COROG438014	5
1	64797_B04_COROG438042	5
1	64797_B05_COROG438060	5
1	64797_B06_COROG437972	5
1	64797_B07_COROG437950	5
1	64797_B08_COROG437959	5
1	64797_B09_COROG437951	5
1	64797_B10_COROG437926	5
1	64797_B11_COROG437964	5
1	64797_B12_COROG437939	5
1	64797_C01_COROG438000	5
1	64797_C02_COROG438027	5
1	64797_C03_COROG438009	5
1	64797_C04_COROG438043	5
1	64797_C05_COROG438067	5
1	64797_C06_COROG437893	5
1	64797_C07_COROG437952	5
1	64797_C08_COROG437970	5
1	64797_C09_COROG437958	5
1	64797_C10_COROG437927	5
1	64797_C11_COROG437977	5
1	64797_C12_COROG437888	5
1	64797_D01_COROG438024	5
1	64797_D02_COROG438046	5
1	64797_D03_COROG438012	5
1	64797_D04_COROG438057	5
1	64797_D05_COROG437986	5
1	64797_D06_COROG437915	5
1	64797_D07_COROG437963	5
1	64797_D08_COROG437899	5
1	64797_D09_COROG437961	5
1	64797_D10_COROG437936	5
1	64797_D11_COROG437889	5
1	64797_D12_COROG437891	5
1	64797_E01_COROG438029	5
1	64797_E02_COROG438049	5
1	64797_E03_COROG438015	5
1	64797_E04_COROG438011	5
1	64797_E05_COROG437989	5
1	64797_E06_COROG437924	5
1	64797_E07_COROG437973	5
1	64797_E08_COROG437901	5
1	64797_E09_COROG437962	5
1	64797_E10_COROG437946	5
1	64797_E11_COROG437890	5
1	64797_E12_COROG437905	5
1	64797_F01_COROG438034	5
1	64797_F02_COROG438055	5
1	64797_F03_COROG438023	5
1	64797_F04_COROG438036	5
1	64797_F05_COROG437999	5
1	64797_F06_COROG437928	5
1	64797_F07_COROG437975	5
1	64797_F08_COROG437914	5
1	64797_F09_COROG437886	5
1	64797_F11_COROG437921	5
1	64797_G01_COROG438035	5
1	64797_G02_COROG438058	5
1	64797_G03_COROG438032	5
1	64797_G04_COROG438047	5
1	64797_G05_COROG438007	5
1	64797_G06_COROG437935	5
1	64797_G07_COROG437892	5
1	64797_G08_COROG437917	5
1	64797_G09_COROG437900	5
1	64797_G10_COROG437885	5
1	64797_G11_COROG437923	5
1	64797_G12_COROG437934	5
1	64797_H01_COROG438048	5
1	64797_H02_COROG438062	5
1	64797_H04_COROG438053	5
1	64797_H05_COROG438008	5
1	64797_H06_COROG437937	5
1	64797_H07_COROG437894	5
1	64797_H08_COROG437922	5
1	64797_H09_COROG437902	5
1	64797_H10_COROG437911	5
1	64797_H11_COROG437925	5
1	64797_H12_COROG437945	5
1	64798_A01_COROG437971	5
1	64798_A02_COROG437953	5
1	64798_A03_COROG437823	5
1	64798_A04_COROG437790	5
1	64798_A05_COROG437874	5
1	64798_A06_COROG437832	5
1	64798_A07_COROG437870	5
1	64798_A08_COROG437863	5
1	64798_A09_COROG437802	5
1	64798_A10_COROG437789	5
1	64798_A11_COROG437803	5
1	64798_A12_COROG437879	5
1	64798_B01_COROG437976	5
1	64798_B02_COROG437960	5
1	64798_B03_COROG437835	5
1	64798_B04_COROG437791	5
1	64798_B05_COROG437878	5
1	64798_B06_COROG437837	5
1	64798_B07_COROG437877	5
1	64798_B08_COROG437864	5
1	64798_B09_COROG437810	5
1	64798_B10_COROG437812	5
1	64798_B11_COROG437819	5
1	64798_B12_COROG437883	5
1	64798_C01_COROG437887	5
1	64798_C02_COROG437836	5
1	64798_C03_COROG437847	5
1	64798_C04_COROG437804	5
1	64798_C05_COROG437798	5
1	64798_C06_COROG437848	5
1	64798_C07_COROG437792	5
1	64798_C08_COROG437869	5
1	64798_C09_COROG437816	5
1	64798_C10_COROG437813	5
1	64798_C11_COROG437826	5
1	64798_C12_COROG437799	5
1	64798_D01_COROG437897	5
1	64798_D02_COROG437865	5
1	64798_D03_COROG437849	5
1	64798_D04_COROG437805	5
1	64798_D05_COROG437800	5
1	64798_D06_COROG437850	5
1	64798_D07_COROG437807	5
1	64798_D08_COROG437873	5
1	64798_D09_COROG437827	5
1	64798_D10_COROG437838	5
1	64798_D11_COROG437834	5
1	64798_D12_COROG437814	5
1	64798_E01_COROG437903	5
1	64798_E02_COROG437866	5
1	64798_E03_COROG437862	5
1	64798_E04_COROG437821	5
1	64798_E05_COROG437808	5
1	64798_E06_COROG437853	5
1	64798_E07_COROG437822	5
1	64798_E08_COROG437876	5
1	64798_E09_COROG437840	5
1	64798_E10_COROG437852	5
1	64798_E11_COROG437839	5
1	64798_E12_COROG437815	5
1	64798_F01_COROG437913	5
1	64798_F02_COROG437794	5
1	64798_F03_COROG437867	5
1	64798_F04_COROG437831	5
1	64798_F05_COROG437809	5
1	64798_F06_COROG437854	5
1	64798_F07_COROG437828	5
1	64798_F08_COROG437884	5
1	64798_F09_COROG437844	5
1	64798_F10_COROG437871	5
1	64798_F11_COROG437841	5
1	64798_F12_COROG437820	5
1	64798_G01_COROG437933	5
1	64798_G02_COROG437795	5
1	64798_G03_COROG437872	5
1	64798_G04_COROG437843	5
1	64798_G05_COROG437811	5
1	64798_G06_COROG437860	5
1	64798_G07_COROG437842	5
1	64798_G08_COROG437793	5
1	64798_G09_COROG437845	5
1	64798_G10_COROG437881	5
1	64798_G11_COROG437846	5
1	64798_G12_COROG437829	5
1	64798_H01_COROG437949	5
1	64798_H02_COROG437817	5
1	64798_H03_COROG437880	5
1	64798_H04_COROG437858	5
1	64798_H05_COROG437824	5
1	64798_H06_COROG437861	5
1	64798_H07_COROG437856	5
1	64798_H08_COROG437797	5
1	64798_H09_COROG437855	5
1	64798_H10_COROG437882	5
1	64798_H11_COROG437857	5
1	64798_H12_COROG437830	5
1	64799_A01_COROG437833	5
1	64799_A02_COROG437738	5
1	64799_A03_COROG437722	5
1	64799_A04_COROG437785	5
1	64799_A06_COROG437709	5
1	64799_A07_COROG437695	5
1	64799_A08_COROG437766	5
1	64799_A09_COROG437782	5
1	64799_A10_COROG437726	5
1	64799_A11_COROG437699	5
1	64799_A12_COROG437605	5
1	64799_B01_COROG437700	5
1	64799_B02_COROG437744	5
1	64799_B03_COROG437750	5
1	64799_B06_COROG437719	5
1	64799_B07_COROG437697	5
1	64799_B08_COROG437780	5
1	64799_B09_COROG437787	5
1	64799_B11_COROG437728	5
1	64799_C01_COROG437701	5
1	64799_C02_COROG437756	5
1	64799_C03_COROG437755	5
1	64799_C04_COROG437713	5
1	64799_C06_COROG437735	5
1	64799_C07_COROG437708	5
1	64799_C08_COROG437781	5
1	64799_C09_COROG437693	5
1	64799_C10_COROG437739	5
1	64799_C11_COROG437732	5
1	64799_C12_COROG437618	5
1	64799_D01_COROG437704	5
1	64799_D02_COROG437758	5
1	64799_D03_COROG437761	5
1	64799_D04_COROG437716	5
1	64799_D06_COROG437737	5
1	64799_D07_COROG437730	5
1	64799_D08_COROG437733	5
1	64799_D09_COROG437698	5
1	64799_D10_COROG437743	5
1	64799_D11_COROG437742	5
1	64799_D12_COROG437624	5
1	64799_E01_COROG437720	5
1	64799_E02_COROG437760	5
1	64799_E03_COROG437768	5
1	64799_E04_COROG437723	5
1	64799_E05_COROG437783	5
1	64799_E06_COROG437770	5
1	64799_E08_COROG437740	5
1	64799_E09_COROG437706	5
1	64799_E10_COROG437751	5
1	64799_E11_COROG437763	5
1	64799_E12_COROG437625	5
1	64799_F01_COROG437725	5
1	64799_F02_COROG437786	5
1	64799_F03_COROG437772	5
1	64799_F04_COROG437731	5
1	64799_F05_COROG437694	5
1	64799_F06_COROG437776	5
1	64799_F08_COROG437741	5
1	64799_F09_COROG437717	5
1	64799_F10_COROG437757	5
1	64799_F11_COROG437771	5
1	64799_F12_COROG437629	5
1	64799_G01_COROG437727	5
1	64799_G02_COROG437715	5
1	64799_G03_COROG437777	5
1	64799_G04_COROG437747	5
1	64799_G05_COROG437696	5
1	64799_G08_COROG437746	5
1	64799_G09_COROG437721	5
1	64799_G10_COROG437759	5
1	64799_G11_COROG437778	5
1	64799_G12_COROG437630	5
1	64799_H01_COROG437736	5
1	64799_H02_COROG437718	5
1	64799_H03_COROG437779	5
1	64799_H04_COROG437752	5
1	64799_H05_COROG437707	5
1	64799_H06_COROG437788	5
1	64799_H08_COROG437773	5
1	64799_H09_COROG437724	5
1	64799_H10_COROG437774	5
1	64799_H12_COROG437636	5
1	64800_A01_COROG437637	5
1	64800_A02_COROG437633	5
1	64800_A04_COROG437649	5
1	64800_A05_COROG437613	5
1	64800_A10_COROG437668	5
1	64800_A11_COROG437595	5
1	64800_A12_COROG437587	5
1	64800_B01_COROG437643	5
1	64800_B02_COROG437670	5
1	64800_B04_COROG437653	5
1	64800_B05_COROG437628	5
1	64800_B09_COROG437687	5
1	64800_B11_COROG437507	5
1	64800_B12_COROG437594	5
1	64800_C01_COROG437661	5
1	64800_C02_COROG437678	5
1	64800_C04_COROG437659	5
1	64800_C05_COROG437635	5
1	64800_C09_COROG437601	5
1	64800_C10_COROG437691	5
1	64800_C11_COROG437518	5
1	64800_C12_COROG437517	5
1	64800_D01_COROG437663	5
1	64800_D02_COROG437692	5
1	64800_D04_COROG437673	5
1	64800_D05_COROG437640	5
1	64800_D09_COROG437622	5
1	64800_D10_COROG437531	5
1	64800_D11_COROG437522	5
1	64800_D12_COROG437521	5
1	64800_E02_COROG437600	5
1	64800_E04_COROG437676	5
1	64800_E06_COROG437690	5
1	64800_E07_COROG437666	5
1	64800_E08_COROG437611	5
1	64800_E10_COROG437552	5
1	64800_E11_COROG437525	5
1	64800_F02_COROG437603	5
1	64800_F04_COROG437680	5
1	64800_F06_COROG437597	5
1	64800_F07_COROG437667	5
1	64800_F08_COROG437620	5
1	64800_F10_COROG437555	5
1	64800_F11_COROG437545	5
1	64800_G02_COROG437612	5
1	64800_G04_COROG437682	5
1	64800_G06_COROG437627	5
1	64800_G07_COROG437684	5
1	64800_G08_COROG437623	5
1	64800_G09_COROG437646	5
1	64800_G10_COROG437559	5
1	64800_G11_COROG437571	5
1	64800_H02_COROG437614	5
1	64800_H04_COROG437608	5
1	64800_H06_COROG437644	5
1	64800_H07_COROG437685	5
1	64800_H08_COROG437634	5
1	64800_H10_COROG437562	5
1	64800_H11_COROG437576	5
1	64801_A01_COROG437568	5
1	64801_A03_COROG437506	5
1	64801_A04_COROG437560	5
1	64801_A05_COROG437540	5
1	64801_A07_COROG437575	5
1	64801_A08_COROG437524	5
1	64801_A09_COROG437588	5
1	64801_A10_COROG437403	5
1	64801_A11_COROG437219	5
1	64801_A12_COROG437357	5
1	64801_B01_COROG437570	5
1	64801_B02_COROG437561	5
1	64801_B03_COROG437515	5
1	64801_B04_COROG437582	5
1	64801_B05_COROG437546	5
1	64801_B07_COROG437579	5
1	64801_B08_COROG437526	5
1	64801_B09_COROG437596	5
1	64801_B10_COROG437401	5
1	64801_B11_COROG437237	5
1	64801_B12_COROG437371	5
1	64801_C01_COROG437578	5
1	64801_C02_COROG437563	5
1	64801_C03_COROG437523	5
1	64801_C04_COROG437583	5
1	64801_C05_COROG437548	5
1	64801_C07_COROG437581	5
1	64801_C08_COROG437529	5
1	64801_C09_COROG437514	5
1	64801_C10_COROG437453	5
1	64801_C11_COROG437255	5
1	64801_C12_COROG437379	5
1	64801_D01_COROG437580	5
1	64801_D02_COROG437565	5
1	64801_D03_COROG437532	5
1	64801_D04_COROG437593	5
1	64801_D07_COROG437585	5
1	64801_D08_COROG437530	5
1	64801_D09_COROG437516	5
1	64801_D10_COROG437477	5
1	64801_D11_COROG437283	5
1	64801_D12_COROG437212	5
1	64801_E01_COROG437503	5
1	64801_E02_COROG437567	5
1	64801_E03_COROG437534	5
1	64801_E04_COROG437505	5
1	64801_E05_COROG437564	5
1	64801_E07_COROG437501	5
1	64801_E08_COROG437544	5
1	64801_E09_COROG437441	5
1	64801_E10_COROG437417	5
1	64801_E11_COROG437295	5
1	64801_E12_COROG437247	5
1	64801_F01_COROG437508	5
1	64801_F02_COROG437584	5
1	64801_F03_COROG437535	5
1	64801_F04_COROG437509	5
1	64801_F05_COROG437566	5
1	64801_F07_COROG437512	5
1	64801_F08_COROG437547	5
1	64801_F09_COROG437465	5
1	64801_F10_COROG437347	5
1	64801_F11_COROG437306	5
1	64801_F12_COROG437253	5
1	64801_G01_COROG437513	5
1	64801_G02_COROG437590	5
1	64801_G03_COROG437542	5
1	64801_G04_COROG437538	5
1	64801_G07_COROG437519	5
1	64801_G08_COROG437549	5
1	64801_G09_COROG437429	5
1	64801_G10_COROG437369	5
1	64801_G11_COROG437326	5
1	64801_G12_COROG437259	5
1	64801_H01_COROG437533	5
1	64801_H02_COROG437591	5
1	64801_H04_COROG437539	5
1	64801_H05_COROG437573	5
1	64801_H07_COROG437520	5
1	64801_H08_COROG437551	5
1	64801_H09_COROG437489	5
1	64801_H10_COROG437381	5
1	64801_H11_COROG437349	5
1	64801_H12_COROG437265	5
1	64802_A01_COROG437299	5
1	64802_A02_COROG437359	5
1	64802_A03_COROG437334	5
1	64802_A04_COROG437341	5
1	64802_A05_COROG437235	5
1	64802_A06_COROG437385	5
1	64802_A07_COROG437343	5
1	64802_A10_COROG437312	5
1	64802_A11_COROG437202	5
1	64802_B01_COROG437322	5
1	64802_B02_COROG437377	5
1	64802_B03_COROG437217	5
1	64802_B04_COROG437361	5
1	64802_B05_COROG437263	5
1	64802_B06_COROG437393	5
1	64802_B07_COROG437363	5
1	64802_B08_COROG437285	5
1	64802_B09_COROG437223	5
1	64802_B11_COROG437026	5
1	64802_B12_COROG437040	5
1	64802_C01_COROG437337	5
1	64802_C02_COROG437391	5
1	64802_C03_COROG437239	5
1	64802_C04_COROG437373	5
1	64802_C05_COROG437279	5
1	64802_C06_COROG437214	5
1	64802_C07_COROG437387	5
1	64802_C08_COROG437297	5
1	64802_C09_COROG437225	5
1	64802_C10_COROG437320	5
1	64802_C11_COROG437042	5
1	64802_C12_COROG437046	5
1	64802_D01_COROG437339	5
1	64802_D02_COROG437241	5
1	64802_D03_COROG437245	5
1	64802_D04_COROG437375	5
1	64802_D05_COROG437281	5
1	64802_D06_COROG437231	5
1	64802_D07_COROG437221	5
1	64802_D08_COROG437301	5
1	64802_D09_COROG437233	5
1	64802_D10_COROG437142	5
1	64802_D11_COROG437044	5
1	64802_D12_COROG437048	5
1	64802_E01_COROG437345	5
1	64802_E02_COROG437273	5
1	64802_E03_COROG437267	5
1	64802_E04_COROG437383	5
1	64802_E05_COROG437314	5
1	64802_E06_COROG437271	5
1	64802_E07_COROG437227	5
1	64802_E08_COROG437310	5
1	64802_E09_COROG437249	5
1	64802_E10_COROG437158	5
1	64802_E11_COROG437122	5
1	64802_E12_COROG437076	5
1	64802_F01_COROG437351	5
1	64802_F02_COROG437308	5
1	64802_F03_COROG437269	5
1	64802_F04_COROG437395	5
1	64802_F05_COROG437335	5
1	64802_F06_COROG437275	5
1	64802_F07_COROG437229	5
1	64802_F08_COROG437316	5
1	64802_F09_COROG437251	5
1	64802_F10_COROG437170	5
1	64802_F11_COROG437128	5
1	64802_F12_COROG437090	5
1	64802_G01_COROG437353	5
1	64802_G02_COROG437324	5
1	64802_G03_COROG437289	5
1	64802_G04_COROG437210	5
1	64802_G06_COROG437304	5
1	64802_G07_COROG437243	5
1	64802_G08_COROG437332	5
1	64802_G09_COROG437261	5
1	64802_G10_COROG437180	5
1	64802_G11_COROG437164	5
1	64802_G12_COROG437098	5
1	64802_H01_COROG437355	5
1	64802_H02_COROG437328	5
1	64802_H03_COROG437291	5
1	64802_H04_COROG437216	5
1	64802_H06_COROG437330	5
1	64802_H07_COROG437257	5
1	64802_H08_COROG437389	5
1	64802_H09_COROG437287	5
1	64802_H10_COROG437194	5
1	64802_H11_COROG437184	5
1	64802_H12_COROG437108	5
1	64803_A01_COROG437144	5
1	64803_A02_COROG437056	5
1	64803_A03_COROG437019	5
1	64803_A04_COROG437086	5
1	64803_A05_COROG437072	5
1	64803_A06_COROG437174	5
1	64803_A07_COROG437176	5
1	64803_A08_COROG437168	5
1	64803_A09_COROG437096	5
1	64803_A10_COROG436914	5
1	64803_A11_COROG436918	5
1	64803_A12_COROG436941	5
1	64803_B01_COROG437152	5
1	64803_B02_COROG437058	5
1	64803_B03_COROG437036	5
1	64803_B04_COROG437094	5
1	64803_B05_COROG437088	5
1	64803_B06_COROG437038	5
1	64803_B07_COROG437190	5
1	64803_B08_COROG437182	5
1	64803_B09_COROG437100	5
1	64803_B10_COROG436953	5
1	64803_B11_COROG436929	5
1	64803_B12_COROG436955	5
1	64803_C01_COROG437160	5
1	64803_C02_COROG437068	5
1	64803_C03_COROG437052	5
1	64803_C04_COROG437102	5
1	64803_C05_COROG437118	5
1	64803_C06_COROG437050	5
1	64803_C07_COROG437198	5
1	64803_C08_COROG437188	5
1	64803_C09_COROG437104	5
1	64803_C10_COROG436991	5
1	64803_C11_COROG436945	5
1	64803_C12_COROG437005	5
1	64803_D01_COROG437186	5
1	64803_D02_COROG437078	5
1	64803_D03_COROG437054	5
1	64803_D04_COROG437114	5
1	64803_D05_COROG437120	5
1	64803_D06_COROG437066	5
1	64803_D07_COROG437200	5
1	64803_D08_COROG437196	5
1	64803_D09_COROG437124	5
1	64803_D10_COROG436830	5
1	64803_D11_COROG436951	5
1	64803_D12_COROG437013	5
1	64803_E01_COROG437206	5
1	64803_E02_COROG437092	5
1	64803_E03_COROG437060	5
1	64803_E05_COROG437154	5
1	64803_E06_COROG437080	5
1	64803_E07_COROG437022	5
1	64803_E08_COROG437204	5
1	64803_E09_COROG437130	5
1	64803_E10_COROG436878	5
1	64803_E11_COROG436957	5
1	64803_E12_COROG436840	5
1	64803_F01_COROG437024	5
1	64803_F02_COROG437112	5
1	64803_F03_COROG437062	5
1	64803_F05_COROG437156	5
1	64803_F06_COROG437106	5
1	64803_F07_COROG437134	5
1	64803_F08_COROG437021	5
1	64803_F09_COROG436882	5
1	64803_F10_COROG436896	5
1	64803_F11_COROG436965	5
1	64803_F12_COROG436854	5
1	64803_G01_COROG437028	5
1	64803_G02_COROG437126	5
1	64803_G03_COROG437064	5
1	64803_G05_COROG437166	5
1	64803_G06_COROG437110	5
1	64803_G07_COROG437148	5
1	64803_G08_COROG437032	5
1	64803_G09_COROG436884	5
1	64803_G10_COROG436902	5
1	64803_G11_COROG437011	5
1	64803_G12_COROG436860	5
1	64803_H01_COROG437030	5
1	64803_H02_COROG437132	5
1	64803_H03_COROG437084	5
1	64803_H05_COROG437172	5
1	64803_H06_COROG437162	5
1	64803_H07_COROG437150	5
1	64803_H08_COROG437074	5
1	64803_H09_COROG436912	5
1	64803_H10_COROG436910	5
1	64803_H11_COROG436900	5
1	64803_H12_COROG436876	5
1	64804_A01_COROG436894	5
1	64804_A02_COROG436832	5
1	64804_A03_COROG436959	5
1	64804_A04_COROG436862	5
1	64804_A05_COROG436999	5
1	64804_A06_COROG436963	5
1	64804_A07_COROG436848	5
1	64804_A08_COROG437001	5
1	64804_A09_COROG436709	5
1	64804_A10_COROG436796	5
1	64804_A11_COROG436663	5
1	64804_A12_COROG436649	5
1	64804_B02_COROG436858	5
1	64804_B03_COROG436961	5
1	64804_B04_COROG436868	5
1	64804_B05_COROG436828	5
1	64804_B06_COROG436969	5
1	64804_B07_COROG436852	5
1	64804_B08_COROG436834	5
1	64804_B09_COROG436719	5
1	64804_B10_COROG436800	5
1	64804_B11_COROG436671	5
1	64804_B12_COROG436653	5
1	64804_C01_COROG436924	5
1	64804_C02_COROG436864	5
1	64804_C03_COROG436971	5
1	64804_C04_COROG436892	5
1	64804_C05_COROG436846	5
1	64804_C06_COROG436979	5
1	64804_C07_COROG436856	5
1	64804_C08_COROG436844	5
1	64804_C09_COROG436721	5
1	64804_C10_COROG436820	5
1	64804_C11_COROG436689	5
1	64804_C12_COROG436657	5
1	64804_D01_COROG436931	5
1	64804_D02_COROG436866	5
1	64804_D04_COROG436922	5
1	64804_D05_COROG436850	5
1	64804_D06_COROG436981	5
1	64804_D07_COROG436886	5
1	64804_D08_COROG436872	5
1	64804_D09_COROG436743	5
1	64804_D10_COROG436639	5
1	64804_D11_COROG436707	5
1	64804_D12_COROG436669	5
1	64804_E01_COROG436975	5
1	64804_E02_COROG436874	5
1	64804_E03_COROG436987	5
1	64804_E04_COROG436943	5
1	64804_E05_COROG436890	5
1	64804_E06_COROG436989	5
1	64804_E07_COROG436904	5
1	64804_E08_COROG436699	5
1	64804_E09_COROG436754	5
1	64804_E10_COROG436643	5
1	64804_E11_COROG436715	5
1	64804_E12_COROG436675	5
1	64804_F01_COROG436977	5
1	64804_F02_COROG436888	5
1	64804_F03_COROG436993	5
1	64804_F04_COROG436947	5
1	64804_F05_COROG436898	5
1	64804_F06_COROG437015	5
1	64804_F07_COROG436925	5
1	64804_F08_COROG436703	5
1	64804_F09_COROG436768	5
1	64804_F10_COROG436651	5
1	64804_F11_COROG436764	5
1	64804_F12_COROG436677	5
1	64804_G01_COROG436997	5
1	64804_G02_COROG436908	5
1	64804_G03_COROG436995	5
1	64804_G04_COROG436983	5
1	64804_G05_COROG436906	5
1	64804_G06_COROG436836	5
1	64804_G07_COROG436933	5
1	64804_G08_COROG436723	5
1	64804_G09_COROG436774	5
1	64804_G10_COROG436655	5
1	64804_G11_COROG436782	5
1	64804_G12_COROG436679	5
1	64804_H01_COROG437007	5
1	64804_H02_COROG436949	5
1	64804_H03_COROG437009	5
1	64804_H04_COROG436985	5
1	64804_H05_COROG436920	5
1	64804_H06_COROG436838	5
1	64804_H07_COROG436967	5
1	64804_H08_COROG436812	5
1	64804_H10_COROG436661	5
1	64804_H11_COROG436788	5
1	64804_H12_COROG436681	5
1	64800_E12_COROG437528	5
1	64800_F12_COROG437536	5
1	64800_G12_COROG437537	5
1	64800_H12_COROG437553	5
1	64800_F01_COROG437598	5
1	64800_B08_COROG437599	5
1	64800_G01_COROG437602	5
1	64800_C08_COROG437607	5
1	64800_D08_COROG437609	5
1	64800_E03_COROG437615	5
1	64800_A03_COROG437616	5
1	64800_F03_COROG437619	5
1	64800_H01_COROG437632	5
1	64800_G03_COROG437638	5
1	64800_H03_COROG437639	5
1	64800_E05_COROG437641	5
1	64800_B03_COROG437645	5
1	64800_F05_COROG437647	5
1	64800_A07_COROG437648	5
1	64800_B07_COROG437650	5
1	64800_C03_COROG437652	5
1	64800_C07_COROG437655	5
1	64800_D07_COROG437657	5
1	64800_G05_COROG437660	5
1	64800_H05_COROG437665	5
1	64800_D03_COROG437669	5
1	64800_A06_COROG437675	5
1	64800_B06_COROG437679	5
1	64800_C06_COROG437683	5
1	64800_A08_COROG437686	5
1	64800_D06_COROG437689	5
1	64799_E07_COROG437745	5
1	64799_G07_COROG437754	5
1	64799_H07_COROG437762	5
1	64799_A05_COROG437764	5
1	64799_B05_COROG437765	5
1	64799_C05_COROG437769	5
1	64799_D05_COROG437775	5
1	64795_C09_COROG438258	5
1	88037_A01_WTCCCT492730	5
1	88037_A03_WTCCCT492756	5
1	88037_A04_WTCCCT492757	5
1	88037_A05_WTCCCT492770	5
1	88037_A06_WTCCCT492771	5
1	88037_A07_WTCCCT492772	5
1	88037_A08_WTCCCT492785	5
1	88037_A09_WTCCCT492786	5
1	88037_A10_WTCCCT492787	5
1	88037_A11_WTCCCT492788	5
1	88037_A12_WTCCCT492789	5
1	88037_B01_WTCCCT492742	5
1	88037_B03_WTCCCT492768	5
1	88037_B04_WTCCCT492769	5
1	88037_B05_WTCCCT492782	5
1	88037_B06_WTCCCT492783	5
1	88037_B07_WTCCCT492784	5
1	88037_B08_WTCCCT492797	5
1	88037_B09_WTCCCT492798	5
1	88037_B10_WTCCCT492799	5
1	88037_B11_WTCCCT492800	5
1	88037_B12_WTCCCT492801	5
1	88037_C01_WTCCCT492754	5
1	88037_C02_WTCCCT492767	5
1	88037_C03_WTCCCT492780	5
1	88037_C05_WTCCCT492794	5
1	88037_C06_WTCCCT492795	5
1	88037_C07_WTCCCT492796	5
1	88037_C08_WTCCCT492821	5
1	88037_C09_WTCCCT492810	5
1	88037_C10_WTCCCT492811	5
1	88037_C11_WTCCCT492812	5
1	88037_C12_WTCCCT492813	5
1	88037_D01_WTCCCT492766	5
1	88037_D02_WTCCCT492779	5
1	88037_D03_WTCCCT492792	5
1	88037_D04_WTCCCT492805	5
1	88037_D05_WTCCCT492806	5
1	88037_D06_WTCCCT492807	5
1	88037_D07_WTCCCT492808	5
1	88037_D08_WTCCCT492809	5
1	88037_D09_WTCCCT492822	5
1	88037_D10_WTCCCT492823	5
1	88037_D11_WTCCCT492824	5
1	88037_D12_WTCCCT492634	5
1	88037_E01_WTCCCT492778	5
1	88037_E02_WTCCCT492803	5
1	88037_E03_WTCCCT492804	5
1	88037_E04_WTCCCT492817	5
1	88037_E05_WTCCCT492818	5
1	88037_E06_WTCCCT492819	5
1	88037_E07_WTCCCT492820	5
1	88037_E08_WTCCCT492738	5
1	88037_E09_WTCCCT492739	5
1	88037_E10_WTCCCT492740	5
1	88037_E11_WTCCCT492741	5
1	88037_E12_WTCCCT492646	5
1	88037_F01_WTCCCT492790	5
1	88037_F02_WTCCCT492815	5
1	88037_F03_WTCCCT492816	5
1	88037_F04_WTCCCT492734	5
1	88037_F05_WTCCCT492735	5
1	88037_F06_WTCCCT492736	5
1	88037_F07_WTCCCT492737	5
1	88037_F08_WTCCCT492750	5
1	88037_F09_WTCCCT492751	5
1	88037_F10_WTCCCT492752	5
1	88037_G01_WTCCCT492802	5
1	88037_G02_WTCCCT492732	5
1	88037_G03_WTCCCT492733	5
1	88037_G04_WTCCCT492746	5
1	88037_G05_WTCCCT492747	5
1	88037_G06_WTCCCT492748	5
1	88037_G07_WTCCCT492761	5
1	88037_G08_WTCCCT492762	5
1	88037_G09_WTCCCT492763	5
1	88037_G10_WTCCCT492764	5
1	88037_G11_WTCCCT492765	5
1	88037_G12_WTCCCT492670	5
1	88037_H01_WTCCCT492814	5
1	88037_H02_WTCCCT492744	5
1	88037_H03_WTCCCT492745	5
1	88037_H04_WTCCCT492758	5
1	88037_H05_WTCCCT492759	5
1	88037_H06_WTCCCT492760	5
1	88037_H07_WTCCCT492773	5
1	88037_H08_WTCCCT492774	5
1	88037_H09_WTCCCT492775	5
1	88037_H10_WTCCCT492776	5
1	88037_H11_WTCCCT492777	5
1	88036_A01_WTCCCT492682	5
1	88036_A02_WTCCCT492683	5
1	88036_A03_WTCCCT492684	5
1	88036_A04_WTCCCT492685	5
1	88036_A05_WTCCCT492686	5
1	88036_A06_WTCCCT492687	5
1	88036_A07_WTCCCT492688	5
1	88036_A08_WTCCCT492689	5
1	88036_A09_WTCCCT492690	5
1	88036_A10_WTCCCT492691	5
1	88036_A11_WTCCCT492692	5
1	88036_A12_WTCCCT492693	5
1	88036_B01_WTCCCT492694	5
1	88036_B02_WTCCCT492695	5
1	88036_B03_WTCCCT492696	5
1	88036_B04_WTCCCT492697	5
1	88036_B05_WTCCCT492698	5
1	88036_B06_WTCCCT492699	5
1	88036_B07_WTCCCT492700	5
1	88036_B08_WTCCCT492701	5
1	88036_B09_WTCCCT492702	5
1	88036_B10_WTCCCT492703	5
1	88036_B11_WTCCCT492704	5
1	88036_B12_WTCCCT492705	5
1	88036_C01_WTCCCT492706	5
1	88036_C02_WTCCCT492707	5
1	88036_C03_WTCCCT492708	5
1	88036_C05_WTCCCT492710	5
1	88036_C06_WTCCCT492711	5
1	88036_C07_WTCCCT492712	5
1	88036_C08_WTCCCT492713	5
1	88036_C09_WTCCCT492714	5
1	88036_C10_WTCCCT492715	5
1	88036_C11_WTCCCT492716	5
1	88036_C12_WTCCCT492717	5
1	88036_D01_WTCCCT492718	5
1	88036_D02_WTCCCT492719	5
1	88036_D03_WTCCCT492720	5
1	88036_D04_WTCCCT492721	5
1	88036_D05_WTCCCT492722	5
1	88036_D06_WTCCCT492723	5
1	88036_D07_WTCCCT492724	5
1	88036_D08_WTCCCT492725	5
1	88036_D09_WTCCCT492726	5
1	88036_D10_WTCCCT492727	5
1	88036_D12_WTCCCT492536	5
1	88036_E01_WTCCCT492635	5
1	88036_E02_WTCCCT492636	5
1	88036_E03_WTCCCT492637	5
1	88036_E04_WTCCCT492638	5
1	88036_E05_WTCCCT492639	5
1	88036_E06_WTCCCT492640	5
1	88036_E07_WTCCCT492641	5
1	88036_E08_WTCCCT492642	5
1	88036_E09_WTCCCT492643	5
1	88036_E10_WTCCCT492644	5
1	88036_E11_WTCCCT492645	5
1	88036_F01_WTCCCT492647	5
1	88036_F02_WTCCCT492648	5
1	88036_F03_WTCCCT492649	5
1	88036_F04_WTCCCT492650	5
1	88036_F05_WTCCCT492651	5
1	88036_F06_WTCCCT492652	5
1	88036_F07_WTCCCT492653	5
1	88036_F08_WTCCCT492654	5
1	88036_F09_WTCCCT492655	5
1	88036_F10_WTCCCT492656	5
1	88036_G01_WTCCCT492659	5
1	88036_G02_WTCCCT492660	5
1	88036_G03_WTCCCT492661	5
1	88036_G04_WTCCCT492662	5
1	88036_G05_WTCCCT492663	5
1	88036_G06_WTCCCT492664	5
1	88036_G07_WTCCCT492665	5
1	88036_G08_WTCCCT492666	5
1	88036_G09_WTCCCT492667	5
1	88036_G10_WTCCCT492668	5
1	88036_G11_WTCCCT492669	5
1	88036_G12_WTCCCT492561	5
1	88036_H01_WTCCCT492671	5
1	88036_H02_WTCCCT492672	5
1	88036_H03_WTCCCT492673	5
1	88036_H04_WTCCCT492674	5
1	88036_H05_WTCCCT492675	5
1	88036_H06_WTCCCT492676	5
1	88036_H07_WTCCCT492677	5
1	88036_H08_WTCCCT492678	5
1	88036_H09_WTCCCT492679	5
1	88036_H10_WTCCCT492680	5
1	88036_H11_WTCCCT492681	5
1	88038_A01_WTCCCT492586	5
1	88038_A02_WTCCCT492599	5
1	88038_A05_WTCCCT492602	5
1	88038_A06_WTCCCT492615	5
1	88038_A07_WTCCCT492616	5
1	88038_A09_WTCCCT492618	5
1	88038_A10_WTCCCT492619	5
1	88038_A11_WTCCCT492620	5
1	88038_A12_WTCCCT492826	5
1	88038_B01_WTCCCT492598	5
1	88038_B02_WTCCCT492611	5
1	88038_B05_WTCCCT492614	5
1	88038_B06_WTCCCT492627	5
1	88038_B07_WTCCCT492628	5
1	88038_B09_WTCCCT492630	5
1	88038_B10_WTCCCT492631	5
1	88038_B11_WTCCCT492632	5
1	88038_B12_WTCCCT492838	5
1	88038_C02_WTCCCT492623	5
1	88038_C05_WTCCCT492626	5
1	88038_C06_WTCCCT492543	5
1	88038_C07_WTCCCT492544	5
1	88038_C09_WTCCCT492546	5
1	88038_C10_WTCCCT492547	5
1	88038_C11_WTCCCT492548	5
1	88038_C12_WTCCCT492850	5
1	88038_D01_WTCCCT492622	5
1	88038_D02_WTCCCT492539	5
1	88038_D05_WTCCCT492542	5
1	88038_D06_WTCCCT492555	5
1	88038_D07_WTCCCT492556	5
1	88038_D09_WTCCCT492558	5
1	88038_D10_WTCCCT492559	5
1	88038_D11_WTCCCT492560	5
1	88038_E01_WTCCCT492538	5
1	88038_E02_WTCCCT492551	5
1	88038_E04_WTCCCT492553	5
1	88038_E06_WTCCCT492568	5
1	88038_E09_WTCCCT492571	5
1	88038_E10_WTCCCT492572	5
1	88038_E11_WTCCCT492573	5
1	88038_E12_WTCCCT492862	5
1	88038_F01_WTCCCT492550	5
1	88038_F02_WTCCCT492563	5
1	88038_F04_WTCCCT492566	5
1	88038_F06_WTCCCT492580	5
1	88038_F09_WTCCCT492583	5
1	88038_F10_WTCCCT492584	5
1	88038_F11_WTCCCT492585	5
1	88038_F12_WTCCCT492874	5
1	88038_G01_WTCCCT492562	5
1	88038_G02_WTCCCT492576	5
1	88038_G04_WTCCCT492578	5
1	88038_G06_WTCCCT492592	5
1	88038_G09_WTCCCT492595	5
1	88038_G10_WTCCCT492596	5
1	88038_G11_WTCCCT492597	5
1	88038_G12_WTCCCT492886	5
1	88038_H01_WTCCCT492575	5
1	88038_H02_WTCCCT492588	5
1	88038_H04_WTCCCT492590	5
1	88038_H06_WTCCCT492604	5
1	88038_H09_WTCCCT492607	5
1	88038_H10_WTCCCT492608	5
1	88038_H11_WTCCCT492609	5
1	88038_H12_WTCCCT492898	5
1	88039_A01_WTCCCT492910	5
1	88039_A02_WTCCCT492911	5
1	88039_A03_WTCCCT492912	5
1	88039_A04_WTCCCT492913	5
1	88039_A05_WTCCCT492831	5
1	88039_A06_WTCCCT492844	5
1	88039_A07_WTCCCT492845	5
1	88039_A08_WTCCCT492846	5
1	88039_A09_WTCCCT492847	5
1	88039_A10_WTCCCT492860	5
1	88039_A11_WTCCCT492861	5
1	88039_A12_WTCCCT493054	5
1	88039_B01_WTCCCT492827	5
1	88039_B02_WTCCCT492828	5
1	88039_B03_WTCCCT492829	5
1	88039_B04_WTCCCT492830	5
1	88039_B05_WTCCCT492843	5
1	88039_B06_WTCCCT492856	5
1	88039_B07_WTCCCT492857	5
1	88039_B08_WTCCCT492858	5
1	88039_B09_WTCCCT492859	5
1	88039_B10_WTCCCT492872	5
1	88039_B11_WTCCCT492873	5
1	88039_C01_WTCCCT492839	5
1	88039_C02_WTCCCT492840	5
1	88039_C03_WTCCCT492841	5
1	88039_C04_WTCCCT492842	5
1	88039_C06_WTCCCT492868	5
1	88039_C07_WTCCCT492869	5
1	88039_C08_WTCCCT492870	5
1	88039_C09_WTCCCT492871	5
1	88039_C10_WTCCCT492884	5
1	88039_C11_WTCCCT492885	5
1	88039_C12_WTCCCT493066	5
1	88039_D01_WTCCCT492851	5
1	88039_D02_WTCCCT492852	5
1	88039_D03_WTCCCT492853	5
1	88039_D04_WTCCCT492854	5
1	88039_D05_WTCCCT492867	5
1	88039_D06_WTCCCT492880	5
1	88039_D07_WTCCCT492881	5
1	88039_D08_WTCCCT492882	5
1	88039_D09_WTCCCT492895	5
1	88039_D10_WTCCCT492896	5
1	88039_D11_WTCCCT492897	5
1	88039_E01_WTCCCT492863	5
1	88039_E02_WTCCCT492864	5
1	88039_E03_WTCCCT492865	5
1	88039_E04_WTCCCT492866	5
1	88039_E05_WTCCCT492879	5
1	88039_E06_WTCCCT492892	5
1	88039_E07_WTCCCT492893	5
1	88039_E08_WTCCCT492894	5
1	88039_E09_WTCCCT492907	5
1	88039_E10_WTCCCT492908	5
1	88039_E11_WTCCCT492909	5
1	88039_E12_WTCCCT493102	5
1	88039_F01_WTCCCT492875	5
1	88039_F02_WTCCCT492876	5
1	88039_F03_WTCCCT492877	5
1	88039_F04_WTCCCT492878	5
1	88039_F05_WTCCCT492891	5
1	88039_F06_WTCCCT492904	5
1	88039_F07_WTCCCT492905	5
1	88039_F08_WTCCCT492906	5
1	88039_F09_WTCCCT492919	5
1	88039_F11_WTCCCT493018	5
1	88039_F12_WTCCCT493031	5
1	88039_G01_WTCCCT492887	5
1	88039_G02_WTCCCT492888	5
1	88039_G05_WTCCCT492903	5
1	88039_G06_WTCCCT492916	5
1	88039_G07_WTCCCT492917	5
1	88039_G08_WTCCCT492918	5
1	88039_G09_WTCCCT492836	5
1	88039_G10_WTCCCT492837	5
1	88039_G11_WTCCCT493030	5
1	88039_G12_WTCCCT493055	5
1	88039_H01_WTCCCT492899	5
1	88039_H02_WTCCCT492900	5
1	88039_H03_WTCCCT492901	5
1	88039_H04_WTCCCT492914	5
1	88039_H05_WTCCCT492915	5
1	88039_H06_WTCCCT492833	5
1	88039_H07_WTCCCT492834	5
1	88039_H08_WTCCCT492835	5
1	88039_H09_WTCCCT492848	5
1	88039_H10_WTCCCT492849	5
1	88039_H11_WTCCCT493042	5
1	88039_H12_WTCCCT493067	5
1	88040_A01_WTCCCT493079	5
1	88040_A02_WTCCCT493068	5
1	88040_A03_WTCCCT493069	5
1	88040_A04_WTCCCT493070	5
1	88040_A05_WTCCCT493071	5
1	88040_A06_WTCCCT493072	5
1	88040_A07_WTCCCT493085	5
1	88040_A08_WTCCCT493098	5
1	88040_A09_WTCCCT493087	5
1	88040_A10_WTCCCT493088	5
1	88040_A11_WTCCCT493089	5
1	88040_A12_WTCCCT493006	5
1	88040_B01_WTCCCT493091	5
1	88040_B02_WTCCCT493080	5
1	88040_B03_WTCCCT493081	5
1	88040_B04_WTCCCT493082	5
1	88040_B05_WTCCCT493083	5
1	88040_B06_WTCCCT493084	5
1	88040_B07_WTCCCT493097	5
1	88040_B08_WTCCCT493110	5
1	88040_B09_WTCCCT493099	5
1	88040_B10_WTCCCT493100	5
1	88040_B11_WTCCCT493101	5
1	88040_B12_WTCCCT492935	5
1	88040_C01_WTCCCT493103	5
1	88040_C02_WTCCCT493092	5
1	88040_C03_WTCCCT493093	5
1	88040_C04_WTCCCT493094	5
1	88040_C05_WTCCCT493095	5
1	88040_C06_WTCCCT493096	5
1	88040_C07_WTCCCT493109	5
1	88040_C08_WTCCCT493050	5
1	88040_C09_WTCCCT493111	5
1	88040_C10_WTCCCT493112	5
1	88040_C11_WTCCCT492922	5
1	88040_C12_WTCCCT492959	5
1	88040_D01_WTCCCT493043	5
1	88040_D02_WTCCCT493104	5
1	88040_D03_WTCCCT493105	5
1	88040_D04_WTCCCT493106	5
1	88040_D05_WTCCCT493107	5
1	88040_D06_WTCCCT493108	5
1	88040_D07_WTCCCT493026	5
1	88040_D08_WTCCCT493027	5
1	88040_D09_WTCCCT493028	5
1	88040_D10_WTCCCT493029	5
1	88040_D11_WTCCCT492946	5
1	88040_D12_WTCCCT492971	5
1	88040_E01_WTCCCT493020	5
1	88040_E02_WTCCCT493021	5
1	88040_E03_WTCCCT493022	5
1	88040_E04_WTCCCT493023	5
1	88040_E05_WTCCCT493024	5
1	88040_E07_WTCCCT493038	5
1	88040_E08_WTCCCT493039	5
1	88040_E09_WTCCCT493040	5
1	88040_E10_WTCCCT493041	5
1	88040_E11_WTCCCT492958	5
1	88040_E12_WTCCCT492983	5
1	88040_F01_WTCCCT493032	5
1	88040_F02_WTCCCT493033	5
1	88040_F03_WTCCCT493034	5
1	88040_F04_WTCCCT493035	5
1	88040_F05_WTCCCT493036	5
1	88040_F07_WTCCCT493062	5
1	88040_F08_WTCCCT493051	5
1	88040_F09_WTCCCT493052	5
1	88040_F10_WTCCCT493053	5
1	88040_F11_WTCCCT492970	5
1	88040_G01_WTCCCT493044	5
1	88040_G02_WTCCCT493045	5
1	88040_G03_WTCCCT493046	5
1	88040_G04_WTCCCT493047	5
1	88040_G05_WTCCCT493048	5
1	88040_G07_WTCCCT493074	5
1	88040_G08_WTCCCT493063	5
1	88040_G09_WTCCCT493064	5
1	88040_G10_WTCCCT493065	5
1	88040_G11_WTCCCT492982	5
1	88040_G12_WTCCCT492995	5
1	88040_H01_WTCCCT493056	5
1	88040_H02_WTCCCT493057	5
1	88040_H03_WTCCCT493058	5
1	88040_H04_WTCCCT493059	5
1	88040_H05_WTCCCT493060	5
1	88040_H07_WTCCCT493086	5
1	88040_H08_WTCCCT493075	5
1	88040_H09_WTCCCT493076	5
1	88040_H10_WTCCCT493077	5
1	88040_H12_WTCCCT493007	5
1	88041_A01_WTCCCT492924	5
1	88041_A03_WTCCCT492938	5
1	88041_A04_WTCCCT492939	5
1	88041_A05_WTCCCT492952	5
1	88041_A06_WTCCCT492953	5
1	88041_A07_WTCCCT492966	5
1	88041_A08_WTCCCT492967	5
1	88041_A09_WTCCCT492980	5
1	88041_A10_WTCCCT492993	5
1	88041_A11_WTCCCT493186	5
1	88041_A12_WTCCCT493175	5
1	88041_B01_WTCCCT492936	5
1	88041_B02_WTCCCT492937	5
1	88041_B03_WTCCCT492950	5
1	88041_B04_WTCCCT492963	5
1	88041_B05_WTCCCT492964	5
1	88041_B06_WTCCCT492965	5
1	88041_B07_WTCCCT492978	5
1	88041_B08_WTCCCT492979	5
1	88041_B09_WTCCCT492992	5
1	88041_B10_WTCCCT493005	5
1	88041_B11_WTCCCT493198	5
1	88041_B12_WTCCCT493187	5
1	88041_C01_WTCCCT492948	5
1	88041_C02_WTCCCT492961	5
1	88041_C03_WTCCCT492962	5
1	88041_C04_WTCCCT492975	5
1	88041_C05_WTCCCT492976	5
1	88041_C06_WTCCCT492977	5
1	88041_C07_WTCCCT492990	5
1	88041_C08_WTCCCT492991	5
1	88041_C09_WTCCCT493004	5
1	88041_C10_WTCCCT493114	5
1	88041_C11_WTCCCT493115	5
1	88041_C12_WTCCCT493199	5
1	88041_D01_WTCCCT492960	5
1	88041_D02_WTCCCT492973	5
1	88041_D03_WTCCCT492974	5
1	88041_D04_WTCCCT492987	5
1	88041_D05_WTCCCT492988	5
1	88041_D07_WTCCCT493002	5
1	88041_D08_WTCCCT493003	5
1	88041_D09_WTCCCT493016	5
1	88041_D11_WTCCCT493127	5
1	88041_D12_WTCCCT493116	5
1	88041_E01_WTCCCT492972	5
1	88041_E02_WTCCCT492985	5
1	88041_E03_WTCCCT492986	5
1	88041_E04_WTCCCT492999	5
1	88041_E05_WTCCCT493000	5
1	88041_E06_WTCCCT493001	5
1	88041_E07_WTCCCT493014	5
1	88041_E08_WTCCCT493015	5
1	88041_E09_WTCCCT492933	5
1	88041_E10_WTCCCT493138	5
1	88041_E11_WTCCCT493139	5
1	88041_E12_WTCCCT493128	5
1	88041_F01_WTCCCT492984	5
1	88041_F02_WTCCCT492997	5
1	88041_F03_WTCCCT492998	5
1	88041_F04_WTCCCT493011	5
1	88041_F05_WTCCCT493012	5
1	88041_F06_WTCCCT493013	5
1	88041_F07_WTCCCT492931	5
1	88041_F08_WTCCCT492944	5
1	88041_F09_WTCCCT492945	5
1	88041_F10_WTCCCT493150	5
1	88041_F12_WTCCCT493140	5
1	88041_G01_WTCCCT492996	5
1	88041_G02_WTCCCT493009	5
1	88041_G03_WTCCCT493010	5
1	88041_G04_WTCCCT492928	5
1	88041_G05_WTCCCT492929	5
1	88041_G06_WTCCCT492942	5
1	88041_G07_WTCCCT492943	5
1	88041_G08_WTCCCT492956	5
1	88041_G09_WTCCCT492957	5
1	88041_G10_WTCCCT493162	5
1	88041_G11_WTCCCT493151	5
1	88041_G12_WTCCCT493152	5
1	88041_H01_WTCCCT493008	5
1	88041_H02_WTCCCT492926	5
1	88041_H03_WTCCCT492927	5
1	88041_H04_WTCCCT492940	5
1	88041_H05_WTCCCT492941	5
1	88041_H07_WTCCCT492955	5
1	88041_H08_WTCCCT492968	5
1	88041_H09_WTCCCT492969	5
1	88041_H10_WTCCCT493174	5
1	88041_H11_WTCCCT493163	5
1	88041_H12_WTCCCT493176	5
1	88041_D10_WTCCCT493126	5
1	88038_A08_WTCCCT492617	5
1	88038_B08_WTCCCT492629	5
1	88038_C08_WTCCCT492545	5
1	88038_D08_WTCCCT492557	5
1	88040_F06_WTCCCT493049	5
1	88040_G06_WTCCCT493061	5
1	88040_H06_WTCCCT493073	5
1	94646_A02_WTCCCT492577	5
1	94646_A03_WTCCCT492591	5
1	94646_A04_WTCCCT492594	5
1	94646_A05_WTCCCT493235	5
1	94646_A06_WTCCCT493227	5
1	94646_B02_WTCCCT492589	5
1	94646_B04_WTCCCT492606	5
1	94646_B05_WTCCCT493212	5
1	94646_B06_WTCCCT493216	5
1	94646_C02_WTCCCT492601	5
1	94646_C03_WTCCCT492569	5
1	94646_C04_WTCCCT492920	5
1	94646_C05_WTCCCT493224	5
1	94646_C06_WTCCCT493240	5
1	94646_D02_WTCCCT492613	5
1	94646_D03_WTCCCT492581	5
1	94646_D04_WTCCCT492923	5
1	94646_D05_WTCCCT493236	5
1	94646_D06_WTCCCT493241	5
1	94646_E01_WTCCCT492624	5
1	94646_E02_WTCCCT492625	5
1	94646_E03_WTCCCT492593	5
1	94646_E05_WTCCCT493213	5
1	94646_E06_WTCCCT493218	5
1	94646_F01_WTCCCT492540	5
1	94646_F02_WTCCCT492541	5
1	94646_F03_WTCCCT492605	5
1	94646_F05_WTCCCT493225	5
1	94646_F06_WTCCCT493230	5
1	94646_G01_WTCCCT492552	5
1	94646_G02_WTCCCT492554	5
1	94646_G03_WTCCCT492570	5
1	94646_G05_WTCCCT493226	5
1	94646_G06_WTCCCT493242	5
1	94646_H01_WTCCCT492564	5
1	94646_H02_WTCCCT492579	5
1	94646_H03_WTCCCT492582	5
1	94646_H05_WTCCCT493238	5
1	94646_H06_WTCCCT493231	5
1	94646_A01_WTCCCT492781	5
1	94646_B01_WTCCCT492753	5
1	94646_C01_WTCCCT492600	5
1	94646_D01_WTCCCT492612	5
1	94646_E04_WTCCCT493210	5
1	94646_F04_WTCCCT493222	5
1	94646_G04_WTCCCT493234	5
1	94646_H04_WTCCCT493223	5
1	94646_A07_WTCCCT493243	5
1	94646_B07_WTCCCT493220	5
1	94646_D07_WTCCCT493221	5
1	94646_E07_WTCCCT493233	5
1	96526_A03_WTCCCT493166	5
1	96526_A06_WTCCCT493205	5
1	96526_A07_WTCCCT493123	5
1	96526_A08_WTCCCT493124	5
1	96526_A09_WTCCCT493125	5
1	96526_B03_WTCCCT493178	5
1	96526_B06_WTCCCT493122	5
1	96526_B07_WTCCCT493135	5
1	96526_B08_WTCCCT493136	5
1	96526_B09_WTCCCT493137	5
1	96526_C03_WTCCCT493190	5
1	96526_C06_WTCCCT493134	5
1	96526_C07_WTCCCT493147	5
1	96526_C08_WTCCCT493148	5
1	96526_C09_WTCCCT493161	5
1	96526_D03_WTCCCT493202	5
1	96526_D06_WTCCCT493158	5
1	96526_D07_WTCCCT493159	5
1	96526_D08_WTCCCT493160	5
1	96526_D09_WTCCCT493173	5
1	96526_E01_WTCCCT493188	5
1	96526_E02_WTCCCT493201	5
1	96526_E07_WTCCCT493171	5
1	96526_E08_WTCCCT493172	5
1	96526_E09_WTCCCT493185	5
1	96526_F01_WTCCCT493200	5
1	96526_F02_WTCCCT493118	5
1	96526_F07_WTCCCT493183	5
1	96526_F08_WTCCCT493184	5
1	96526_F09_WTCCCT493197	5
1	96526_G01_WTCCCT493117	5
1	96526_G02_WTCCCT493130	5
1	96526_G07_WTCCCT493195	5
1	96526_G08_WTCCCT493196	5
1	96526_G09_WTCCCT493149	5
1	96526_H01_WTCCCT493129	5
1	96526_H02_WTCCCT493154	5
1	96526_H07_WTCCCT493207	5
1	96526_H08_WTCCCT493208	5
1	96526_H09_WTCCCT492994	5
1	96526_A04_WTCCCT493179	5
1	96526_A05_WTCCCT493192	5
1	96526_A10_WTCCCT492930	5
1	96526_B04_WTCCCT493191	5
1	96526_B05_WTCCCT493204	5
1	96526_B10_WTCCCT492932	5
1	96526_C04_WTCCCT493203	5
1	96526_C05_WTCCCT493121	5
1	96526_C10_WTCCCT493025	5
1	96526_D04_WTCCCT493120	5
1	96526_D05_WTCCCT493133	5
1	96526_D10_WTCCCT493214	5
1	96526_E03_WTCCCT493119	5
1	96526_E04_WTCCCT493132	5
1	96526_E10_WTCCCT493219	5
1	96526_F03_WTCCCT493131	5
1	96526_F04_WTCCCT493156	5
1	96526_G03_WTCCCT493155	5
1	96526_G04_WTCCCT493168	5
1	96526_H03_WTCCCT493167	5
1	96526_H04_WTCCCT493180	5
1	96536_A01_WTCCCT493211	5
1	96536_B01_WTCCCT493217	5
1	96526_D01_WTCCCT492603	5
1	96526_E05_WTCCCT493157	5
1	96526_F05_WTCCCT493169	5
1	96526_F06_WTCCCT493182	5
1	96526_G05_WTCCCT493181	5
1	96526_G06_WTCCCT493194	5
1	96526_H05_WTCCCT493193	5
1	96526_H06_WTCCCT493206	5
