1	960310	1
1	208-4602	1
1	960342	1
1	960367	1
1	960377	1
1	960390	1
1	960425	1
1	960450	1
1	960491	1
1	970043	1
1	020059	1
1	970061	1
1	010595	1
1	970113	1
1	970125	1
1	970132	1
1	970170	1
1	970209	1
1	970211	1
1	970230	1
1	970255	1
1	970467	1
1	970522	1
1	970618	1
1	010673	1
1	970632	1
1	970651	1
1	970698	1
1	970711	1
1	010675	1
1	970819	1
1	970887	1
1	970889	1
1	970894	1
1	010698	1
1	010753	1
1	980229	1
1	010835	1
1	980253	1
1	980257	1
1	010883	1
1	980357	1
1	980400	1
1	980706	1
1	980710	1
1	041226	1
1	041231	1
1	041235	1
1	041237	1
1	208-4630	1
1	041248	1
1	041250	1
1	208-4604	1
1	041267	1
1	041268	1
1	041269	1
1	041270	1
1	041271	1
1	041273	1
1	041274	1
1	041275	1
1	041276	1
1	041277	1
1	041278	1
1	041279	1
1	041280	1
1	041281	1
1	041147	1
1	041148	1
1	041150	1
1	041151	1
1	041152	1
1	041153	1
1	041155	1
1	041156	1
1	041157	1
1	041159	1
1	041160	1
1	041161	1
1	041163	1
1	041164	1
1	041165	1
1	041167	1
1	041168	1
1	041169	1
1	041170	1
1	041171	1
1	041172	1
1	041173	1
1	041174	1
1	041175	1
1	041178	1
1	041179	1
1	041184	1
1	041185	1
1	041212	1
1	041214	1
1	041215	1
1	041218	1
1	041219	1
1	041220	1
1	041221	1
1	041222	1
1	041224	1
1	041225	1
1	980720	1
1	980751	1
1	980756	1
1	980763	1
1	980786	1
1	981008	1
1	981102	1
1	010884	1
1	010939	1
1	981196	1
1	010952	1
1	990381	1
1	990578	1
1	990995	1
1	991097	1
1	991115	1
1	991154	1
1	991166	1
1	991172	1
1	010977	1
1	991183	1
1	991223	1
1	991225	1
1	991228	1
1	991231	1
1	991234	1
1	991288	1
1	991317	1
1	991325	1
1	991334	1
1	991354	1
1	991376	1
1	991414	1
1	991416	1
1	991417	1
1	991426	1
1	991433	1
1	991442	1
1	991459	1
1	000003	1
1	000014	1
1	000035	1
1	000066	1
1	000069	1
1	000072	1
1	000076	1
1	000114	1
1	000115	1
1	000159	1
1	000197	1
1	000285	1
1	000292	1
1	000304	1
1	000311	1
1	000315	1
1	000322	1
1	000450	1
1	000484	1
1	000497	1
1	000544	1
1	000573	1
1	000583	1
1	000602	1
1	000661	1
1	000675	1
1	000677	1
1	000682	1
1	000726	1
1	000826	1
1	000847	1
1	000872	1
1	000885	1
1	000904	1
1	000907	1
1	000930	1
1	000938	1
1	000960	1
1	000964	1
1	000997	1
1	001004	1
1	001006	1
1	001072	1
1	001073	1
1	001100	1
1	001116	1
1	001124	1
1	001154	1
1	001198	1
1	001212	1
1	001245	1
1	001267	1
1	208-4605	1
1	001305	1
1	001309	1
1	001315	1
1	041357	1
1	041358	1
1	041359	1
1	041360	1
1	041361	1
1	041362	1
1	041364	1
1	041365	1
1	041367	1
1	041368	1
1	041369	1
1	041370	1
1	041371	1
1	041372	1
1	041373	1
1	041374	1
1	041375	1
1	041376	1
1	041377	1
1	041378	1
1	041379	1
1	041380	1
1	041381	1
1	041382	1
1	041405	1
1	041406	1
1	041407	1
1	041408	1
1	041409	1
1	041410	1
1	041411	1
1	041412	1
1	041416	1
1	041417	1
1	041421	1
1	041422	1
1	041423	1
1	041424	1
1	041425	1
1	041426	1
1	041427	1
1	041428	1
1	041429	1
1	041431	1
1	041282	1
1	041283	1
1	041284	1
1	041285	1
1	041286	1
1	041287	1
1	041288	1
1	041289	1
1	041290	1
1	041291	1
1	041292	1
1	041293	1
1	041294	1
1	041295	1
1	041296	1
1	041297	1
1	041298	1
1	041299	1
1	041300	1
1	041301	1
1	041302	1
1	041303	1
1	041304	1
1	041305	1
1	041307	1
1	041308	1
1	041309	1
1	041311	1
1	041333	1
1	041334	1
1	041335	1
1	041336	1
1	041337	1
1	041338	1
1	041339	1
1	041340	1
1	041341	1
1	041342	1
1	041343	1
1	041344	1
1	041345	1
1	041347	1
1	041348	1
1	041349	1
1	041350	1
1	041351	1
1	041352	1
1	001326	1
1	001330	1
1	001346	1
1	001353	1
1	001368	1
1	001378	1
1	001402	1
1	001420	1
1	001426	1
1	001440	1
1	001457	1
1	001468	1
1	001470	1
1	208-4606	1
1	001495	1
1	001596	1
1	001667	1
1	001741	1
1	001744	1
1	001764	1
1	001765	1
1	001781	1
1	001789	1
1	001790	1
1	001794	1
1	001803	1
1	001814	1
1	001815	1
1	001821	1
1	001822	1
1	001836	1
1	001886	1
1	001890	1
1	001946	1
1	001976	1
1	001985	1
1	001989	1
1	002027	1
1	208-4607	1
1	010012	1
1	010014	1
1	010071	1
1	010072	1
1	010084	1
1	010108	1
1	010177	1
1	010447	1
1	010532	1
1	970109	1
1	970361	1
1	970625	1
1	970805	1
1	980218	1
1	980224	1
1	980239	1
1	208-4608	1
1	981104	1
1	981132	1
1	990024	1
1	991175	1
1	011031	1
1	011035	1
1	011048	1
1	011079	1
1	011089	1
1	011117	1
1	011119	1
1	011131	1
1	011160	1
1	011161	1
1	011205	1
1	011230	1
1	011232	1
1	011236	1
1	011244	1
1	011247	1
1	011297	1
1	011417	1
1	020092	1
1	020373	1
1	020388	1
1	020416	1
1	020435	1
1	020466	1
1	040139	1
1	020559	1
1	020587	1
1	020588	1
1	020629	1
1	020662	1
1	020669	1
1	020684	1
1	020691	1
1	020699	1
1	020716	1
1	050222	1
1	050223	1
1	050224	1
1	050225	1
1	050226	1
1	050227	1
1	050228	1
1	050229	1
1	050230	1
1	050231	1
1	050232	1
1	050233	1
1	050234	1
1	050235	1
1	050236	1
1	050237	1
1	050238	1
1	050239	1
1	050240	1
1	050241	1
1	050242	1
1	050243	1
1	050244	1
1	050245	1
1	050246	1
1	050247	1
1	050248	1
1	050249	1
1	050250	1
1	050251	1
1	050252	1
1	050253	1
1	050254	1
1	050255	1
1	050257	1
1	050258	1
1	050259	1
1	050260	1
1	050261	1
1	050262	1
1	050263	1
1	050264	1
1	050265	1
1	050266	1
1	050300	1
1	050301	1
1	050302	1
1	050303	1
1	041432	1
1	041433	1
1	041434	1
1	041435	1
1	041436	1
1	041437	1
1	041438	1
1	041439	1
1	041440	1
1	041441	1
1	041442	1
1	041443	1
1	041444	1
1	041445	1
1	041448	1
1	041468	1
1	041469	1
1	041470	1
1	041471	1
1	041472	1
1	041473	1
1	041474	1
1	041475	1
1	041476	1
1	041477	1
1	041478	1
1	041480	1
1	041481	1
1	041482	1
1	041483	1
1	041484	1
1	041485	1
1	041486	1
1	041487	1
1	041488	1
1	041490	1
1	041491	1
1	041492	1
1	041493	1
1	041494	1
1	041495	1
1	041496	1
1	041497	1
1	041498	1
1	041499	1
1	041500	1
1	041501	1
1	041502	1
1	020723	1
1	020732	1
1	020735	1
1	020743	1
1	020768	1
1	030042	1
1	030164	1
1	030168	1
1	030359	1
1	040895	1
1	030496	1
1	030497	1
1	030664	1
1	030665	1
1	030753	1
1	030859	1
1	030885	1
1	031102	1
1	031106	1
1	040138	1
1	040161	1
1	040249	1
1	040265	1
1	040323	1
1	041210	1
1	040523	1
1	040546	1
1	040613	1
1	040855	1
1	040893	1
1	041027	1
1	041039	1
1	041062	1
1	041134	1
1	041904	1
1	030208	1
1	030764	1
1	030778	1
1	030858	1
1	030896	1
1	030897	1
1	031043	1
1	031060	1
1	040128	1
1	040166	1
1	040195	1
1	040241	1
1	040259	1
1	040263	1
1	040266	1
1	040321	1
1	040483	1
1	040484	1
1	040485	1
1	040487	1
1	040488	1
1	040498	1
1	040505	1
1	040506	1
1	040514	1
1	040540	1
1	040541	1
1	040549	1
1	040562	1
1	040563	1
1	040564	1
1	040565	1
1	040570	1
1	040571	1
1	040573	1
1	040576	1
1	040584	1
1	040593	1
1	040610	1
1	040612	1
1	040621	1
1	040637	1
1	040656	1
1	040658	1
1	040663	1
1	040665	1
1	040668	1
1	040683	1
1	040684	1
1	040686	1
1	040688	1
1	040691	1
1	040696	1
1	040703	1
1	040709	1
1	040712	1
1	040840	1
1	040873	1
1	040886	1
1	040906	1
1	050374	1
1	208-4609	1
1	050378	1
1	050379	1
1	050380	1
1	050381	1
1	050382	1
1	050383	1
1	050384	1
1	050385	1
1	050386	1
1	050387	1
1	050388	1
1	050389	1
1	050390	1
1	050391	1
1	050435	1
1	050436	1
1	050437	1
1	050438	1
1	050439	1
1	050440	1
1	050441	1
1	050442	1
1	050443	1
1	050444	1
1	050445	1
1	050446	1
1	050447	1
1	050448	1
1	050449	1
1	050450	1
1	050451	1
1	050452	1
1	050453	1
1	050454	1
1	050455	1
1	050457	1
1	050458	1
1	050459	1
1	050460	1
1	050461	1
1	050462	1
1	050463	1
1	050464	1
1	050465	1
1	050466	1
1	050304	1
1	050305	1
1	050306	1
1	050307	1
1	050308	1
1	050309	1
1	050310	1
1	050311	1
1	050312	1
1	050313	1
1	050314	1
1	050315	1
1	050316	1
1	050317	1
1	050318	1
1	050319	1
1	050320	1
1	050321	1
1	050322	1
1	050343	1
1	050346	1
1	050347	1
1	050348	1
1	050349	1
1	050350	1
1	050351	1
1	050352	1
1	050353	1
1	050354	1
1	050355	1
1	050356	1
1	050357	1
1	050358	1
1	050359	1
1	050360	1
1	050361	1
1	050362	1
1	050363	1
1	050364	1
1	050365	1
1	050367	1
1	050368	1
1	050369	1
1	050370	1
1	050371	1
1	050372	1
1	050373	1
1	040909	1
1	040914	1
1	040938	1
1	040955	1
1	040963	1
1	040977	1
1	041024	1
1	041025	1
1	041026	1
1	041029	1
1	041046	1
1	041049	1
1	041057	1
1	041061	1
1	041080	1
1	041084	1
1	041087	1
1	041198	1
1	041200	1
1	041510	1
1	041524	1
1	041802	1
1	001307	1
1	001676	1
1	001773	1
1	002021	1
1	010547	1
1	020494	1
1	020565	1
1	020663	1
1	991229	1
1	030794	1
1	040577	1
1	208-4610	1
1	040999	1
1	041208	1
1	041908	1
1	050081	1
1	050027	1
1	041881	1
1	041327	1
1	040527	1
1	030958	1
1	208-4611	1
1	041023	1
1	041101	1
1	040891	1
1	040586	1
1	011312	1
1	011364	1
1	991122	1
1	030073	1
1	030114	1
1	208-4612	1
1	030138	1
1	030158	1
1	030211	1
1	030213	1
1	040209	1
1	030376	1
1	030668	1
1	030756	1
1	030757	1
1	030774	1
1	031066	1
1	040045	1
1	040320	1
1	040135	1
1	040151	1
1	040152	1
1	040178	1
1	040243	1
1	040244	1
1	040418	1
1	040528	1
1	040816	1
1	040872	1
1	040935	1
1	041020	1
1	041028	1
1	041316	1
1	041325	1
1	041454	1
1	041513	1
1	010534	1
1	041809	1
1	041842	1
1	000932	1
1	011183	1
1	001031	1
1	208-4613	1
1	001320	1
1	208-4614	1
1	050545	1
1	208-4615	1
1	050547	1
1	050548	1
1	050549	1
1	050550	1
1	050551	1
1	050552	1
1	050553	1
1	050554	1
1	050555	1
1	050556	1
1	050557	1
1	050558	1
1	050559	1
1	050560	1
1	050561	1
1	050562	1
1	050563	1
1	050564	1
1	050586	1
1	050587	1
1	050588	1
1	050589	1
1	050590	1
1	050592	1
1	050593	1
1	050594	1
1	050596	1
1	050597	1
1	050598	1
1	050599	1
1	050600	1
1	050601	1
1	050602	1
1	050603	1
1	050604	1
1	050605	1
1	208-4616	1
1	208-4618	1
1	208-4619	1
1	208-4620	1
1	208-4621	1
1	208-4622	1
1	208-4624	1
1	208-4625	1
1	050467	1
1	208-4627	1
1	050470	1
1	050471	1
1	050472	1
1	050473	1
1	050474	1
1	050475	1
1	050476	1
1	050477	1
1	050478	1
1	050479	1
1	050481	1
1	050482	1
1	050483	1
1	050484	1
1	050515	1
1	050516	1
1	050517	1
1	050518	1
1	050519	1
1	050520	1
1	050521	1
1	050522	1
1	050523	1
1	050524	1
1	050525	1
1	050526	1
1	050527	1
1	050528	1
1	050529	1
1	050530	1
1	050531	1
1	050532	1
1	050533	1
1	050534	1
1	208-4628	1
1	050536	1
1	050537	1
1	050538	1
1	050539	1
1	050540	1
1	050541	1
1	050542	1
1	050543	1
1	050544	1
1	208-4661	1
1	208-4629	1
1	010166	1
1	010970	1
1	970513	1
1	000460	1
1	000779	1
1	001115	1
1	001453	1
1	001456	1
1	001462	1
1	001787	1
1	002132	1
1	010013	1
1	010368	1
1	010792	1
1	011062	1
1	011063	1
1	011190	1
1	020428	1
1	020430	1
1	020557	1
1	020558	1
1	020570	1
1	020573	1
1	020581	1
1	020586	1
1	020701	1
1	020702	1
1	020709	1
1	020715	1
1	020742	1
1	020766	1
1	030020	1
1	030074	1
1	030149	1
1	030188	1
1	208-4631	1
1	208-4632	1
1	208-4634	1
1	208-4635	1
1	208-4636	1
1	208-4637	1
1	208-4638	1
1	208-4639	1
1	208-4640	1
1	208-4641	1
1	041503	1
1	041528	1
1	041529	1
1	041530	1
1	041531	1
1	041533	1
1	041534	1
1	041535	1
1	041536	1
1	041538	1
1	041539	1
1	041540	1
1	041541	1
1	041543	1
1	041552	1
1	041553	1
1	041556	1
1	041557	1
1	041559	1
1	041560	1
1	041561	1
1	041562	1
1	041564	1
1	041566	1
1	041567	1
1	041568	1
1	041569	1
1	041570	1
1	041571	1
1	041595	1
1	041596	1
1	041598	1
1	041600	1
1	041601	1
1	041603	1
1	041606	1
1	041608	1
1	041609	1
1	041611	1
1	041612	1
1	041620	1
1	041623	1
1	041624	1
1	041630	1
1	041633	1
1	041634	1
1	041635	1
1	041636	1
1	041637	1
1	041638	1
1	041640	1
1	041641	1
1	041644	1
1	041645	1
1	041646	1
1	041647	1
1	041660	1
1	041661	1
1	041662	1
1	041664	1
1	041665	1
1	041666	1
1	041667	1
1	041668	1
1	041669	1
1	041670	1
1	041671	1
1	041672	1
1	041673	1
1	041674	1
1	041675	1
1	041676	1
1	041677	1
1	041678	1
1	041679	1
1	041681	1
1	041682	1
1	041683	1
1	041684	1
1	041685	1
1	041686	1
1	041689	1
1	041690	1
1	041691	1
1	041692	1
1	041693	1
1	041695	1
1	041696	1
1	041699	1
1	041700	1
1	041703	1
1	041704	1
1	041706	1
1	041707	1
1	041708	1
1	041709	1
1	041711	1
1	041713	1
1	041714	1
1	041715	1
1	041716	1
1	041717	1
1	041718	1
1	041719	1
1	041760	1
1	041765	1
1	041769	1
1	041774	1
1	041791	1
1	041811	1
1	041812	1
1	041813	1
1	041814	1
1	041815	1
1	041816	1
1	041817	1
1	041818	1
1	041819	1
1	041820	1
1	041821	1
1	041822	1
1	041823	1
1	041824	1
1	041825	1
1	041826	1
1	041827	1
1	041828	1
1	041829	1
1	041830	1
1	041831	1
1	041832	1
1	041833	1
1	041834	1
1	041835	1
1	041158	1
1	050606	1
1	050607	1
1	050608	1
1	050609	1
1	050610	1
1	050611	1
1	050612	1
1	041162	1
1	050614	1
1	050615	1
1	050616	1
1	050617	1
1	050618	1
1	050619	1
1	050620	1
1	050621	1
1	050622	1
1	050623	1
1	050624	1
1	050625	1
1	050626	1
1	050627	1
1	050628	1
1	050629	1
1	050634	1
1	050635	1
1	050676	1
1	050677	1
1	050678	1
1	050679	1
1	050680	1
1	050681	1
1	050682	1
1	050683	1
1	050684	1
1	050685	1
1	050686	1
1	050687	1
1	050688	1
1	050689	1
1	050690	1
1	050691	1
1	050692	1
1	050693	1
1	050694	1
1	050695	1
1	050696	1
1	050697	1
1	050698	1
1	050699	1
1	050700	1
1	050701	1
1	050702	1
1	050703	1
1	050704	1
1	050705	1
1	050706	1
1	050707	1
1	050708	1
1	050709	1
1	050710	1
1	050711	1
1	050712	1
1	050713	1
1	050714	1
1	050715	1
1	050716	1
1	050717	1
1	050718	1
1	050719	1
1	050720	1
1	050721	1
1	050722	1
1	050723	1
1	050724	1
1	050764	1
1	050765	1
1	050766	1
1	050767	1
1	050768	1
1	050769	1
1	050770	1
1	050771	1
1	050772	1
1	050774	1
1	050775	1
1	050776	1
1	050777	1
1	050778	1
1	050779	1
1	050780	1
1	050781	1
1	050782	1
1	050783	1
1	050786	1
1	050787	1
1	050788	1
1	050789	1
1	050790	1
1	050791	1
1	050792	1
1	050793	1
1	050794	1
1	050795	1
1	050796	1
1	050797	1
1	050798	1
1	050799	1
1	050800	1
1	050801	1
1	050802	1
1	050803	1
1	050804	1
1	050805	1
1	050806	1
1	050807	1
1	050808	1
1	050809	1
1	050810	1
1	050811	1
1	050812	1
1	050813	1
1	050815	1
1	050892	1
1	050893	1
1	050894	1
1	050895	1
1	050896	1
1	050898	1
1	050899	1
1	050900	1
1	050901	1
1	050902	1
1	050903	1
1	050905	1
1	050906	1
1	050907	1
1	050908	1
1	050909	1
1	050910	1
1	050911	1
1	050912	1
1	050913	1
1	050914	1
1	050915	1
1	050916	1
1	050917	1
1	050918	1
1	050919	1
1	050920	1
1	050921	1
1	050922	1
1	050923	1
1	050924	1
1	050925	1
1	050926	1
1	050927	1
1	050928	1
1	050929	1
1	050930	1
1	050931	1
1	050932	1
1	050933	1
1	050934	1
1	050935	1
1	050936	1
1	050937	1
1	050938	1
1	050939	1
1	050940	1
1	050941	1
1	050942	1
1	051069	1
1	051070	1
1	051071	1
1	051072	1
1	051073	1
1	051074	1
1	051075	1
1	051076	1
1	051077	1
1	051078	1
1	051079	1
1	051080	1
1	051081	1
1	051083	1
1	051084	1
1	051085	1
1	051086	1
1	051087	1
1	051088	1
1	051089	1
1	051090	1
1	051091	1
1	051092	1
1	051093	1
1	051094	1
1	051095	1
1	051096	1
1	051097	1
1	051098	1
1	051099	1
1	051100	1
1	051101	1
1	051102	1
1	051103	1
1	CvD01	1
1	051105	1
1	051107	1
1	CvD02	1
1	051109	1
1	051110	1
1	051111	1
1	051112	1
1	051113	1
1	051114	1
1	051115	1
1	051116	1
1	051117	1
1	051118	1
1	051135	1
1	051136	1
1	051137	1
1	051138	1
1	051139	1
1	051140	1
1	051142	1
1	051143	1
1	051144	1
1	051145	1
1	051146	1
1	051147	1
1	051148	1
1	051149	1
1	051150	1
1	051151	1
1	051152	1
1	051153	1
1	051154	1
1	051155	1
1	051156	1
1	051157	1
1	CvD03	1
1	051159	1
1	051160	1
1	051161	1
1	051162	1
1	051163	1
1	051164	1
1	CvD09	1
1	CvD10	1
1	CvD12	1
1	CvD18	1
1	CvD27	1
1	CvD28	1
1	CvD29	1
1	CvD30	1
1	CvD31	1
1	CvD32	1
1	CvD35	1
1	CvD38	1
1	CvD41	1
1	CvD44	1
1	CvD45	1
1	CvD46	1
1	CvD47	1
1	CvD48	1
1	CvD49	1
1	CvD50	1
1	050149	1
1	050169	1
1	050170	1
1	052486	1
1	208-4642	1
1	050268	1
1	050326	1
1	050392	1
1	050566	1
1	208-4644	1
1	050849	1
1	208-4645	1
1	050970	1
1	051124	1
1	051125	1
1	051200	1
1	051210	1
1	208-4646	1
1	051343	1
1	051380	1
1	051389	1
1	208-4647	1
1	051453	1
1	051524	1
1	051532	1
1	051576	1
1	208-4650	1
1	208-4651	1
1	208-4652	1
1	052231	1
1	052232	1
1	052418	1
1	052483	1
1	052485	1
1	052575	1
1	052618	1
1	060169	1
1	060196	1
1	060726	1
1	060744	1
1	060789	1
1	061104	1
1	208-4663	1
1	061239	1
1	061343	1
1	061344	1
1	061093	1
1	061109	1
1	991422	1
1	208-4653	1
1	001381	1
1	011242	1
1	011245	1
1	020487	1
1	020682	1
1	020729	1
1	020763	1
1	208-4654	1
1	030207	1
1	030639	1
1	040210	1
1	040611	1
1	040819	1
1	208-4655	1
1	050944	1
1	050946	1
1	051578	1
1	051356	1
1	208-4656	1
1	060860	1
1	060861	1
1	060862	1
1	060863	1
1	060864	1
1	060865	1
1	060866	1
1	060867	1
1	060868	1
1	060869	1
1	060870	1
1	060871	1
1	060872	1
1	060873	1
1	208-4657	1
1	060875	1
1	060877	1
1	060878	1
1	208-4659	1
1	060880	1
1	208-4660	1
1	208-4664	1
1	208-4665	1
1	208-4666	1
1	208-4667	1
1	208-4668	1
1	208-4669	1
1	208-4671	1
1	208-4672	1
1	208-4673	1
1	208-4675	1
1	208-4676	1
1	208-4677	1
1	208-4678	1
1	208-4680	1
1	208-4681	1
1	208-4683	1
1	208-4685	1
1	208-4688	1
1	208-4690	1
1	208-4691	1
1	208-4692	1
1	208-4693	1
1	208-4695	1
1	208-4696	1
1	208-4697	1
1	208-4698	1
1	208-4701	1
1	208-4702	1
1	208-4704	1
1	208-4705	1
1	208-4706	1
1	208-4707	1
1	208-4709	1
1	208-4711	1
1	208-4712	1
1	208-4713	1
1	208-4714	1
1	208-4715	1
1	208-4716	1
1	208-4717	1
1	208-4718	1
1	207-0008	1
1	207-0011	1
1	207-0018	1
1	207-0063	1
1	207-0077	1
1	207-0097	1
1	207-0147	1
1	207-0731	1
1	207-0734	1
1	207-0764	1
1	207-0773	1
1	207-0776	1
1	207-0777	1
1	208-0073	1
1	208-0126	1
1	208-0931	1
1	208-2177	1
1	208-2542	1
1	208-2551	1
1	208-2559	1
1	208-3564	1
1	208-3569	1
1	208-4560	1
1	208-4590	1
1	208-4592	1
1	208-4763	1
1	208-4816	1
1	208-4868	1
1	208-4871	1
1	208-4888	1
1	208-5072	1
1	000995	1
1	001887	1
1	031116	1
1	040262	1
1	041853	1
1	980307	1
1	980445	1
1	980928	1
1	061574	1
1	061644	1
1	061780	1
1	061795	1
1	061830	1
1	061912	1
1	061913	1
1	062503	1
1	062529	1
1	062731	1
1	062858	1
1	062864	1
1	062885	1
1	062954	1
1	070064	1
1	070065	1
1	070099	1
1	070108	1
1	070137	1
1	070163	1
1	070165	1
1	070173	1
1	070185	1
1	070206	1
1	070237	1
1	070479	1
1	070481	1
1	070482	1
1	070794	1
1	070799	1
1	070920	1
1	070992	1
1	071032	1
1	071287	1
1	071398	1
1	072328	1
1	072329	1
1	072394	1
1	072451	1
1	072549	1
1	072550	1
1	072612	1
1	072613	1
1	072826	1
1	072945	1
1	072946	1
1	073040	1
1	073257	1
1	073344	1
1	073404	1
1	073448	1
1	073485	1
1	073574	1
1	073631	1
1	074086	1
1	080039	1
1	080040	1
1	980678	1
1	011061	1
1	040261	1
1	040522	1
1	060885	1
1	040946	1
1	040976	1
1	030586	1
1	030265	1
1	030262	1
1	040324	1
1	040512	1
1	040547	1
1	040599	1
1	061193	1
1	060856	1
1	061032	1
1	061342	1
1	061982	1
1	062222	1
1	062433	1
1	070104	1
1	070232	1
1	070233	1
1	071423	1
1	071981	1
1	073531	1
1	073726	1
1	073846	1
1	080463	1
1	080547	1
1	080548	1
1	080760	1
1	080795	1
1	081641	1
1	208-5146	1
1	208-5147	1
1	208-5150	1
1	208-5151	1
1	208-5152	1
1	208-5153	1
1	208-5155	1
1	208-5156	1
1	208-5159	1
1	208-5160	1
1	208-5161	1
1	208-5163	1
1	208-5164	1
1	208-5165	1
1	208-5166	1
1	208-5167	1
1	208-5169	1
1	208-5170	1
1	208-5171	1
1	208-5172	1
1	208-5173	1
1	208-5175	1
1	208-5176	1
1	208-5177	1
1	208-5180	1
1	208-5181	1
1	208-5182	1
1	060845	1
1	060847	1
1	060851	1
1	060852	1
1	060853	1
1	060855	1
1	060857	1
1	060858	1
1	060859	1
1	060881	1
1	060882	1
1	060883	1
1	080137	1
1	080155	1
1	080168	1
1	080254	1
1	080302	1
1	080370	1
1	080432	1
1	080436	1
1	080459	1
1	080470	1
1	080504	1
1	080560	1
1	080582	1
1	080595	1
1	080653	1
1	041599	1
1	041602	1
1	041643	1
1	041698	1
1	041701	1
1	041702	1
1	041710	1
1	041712	1
1	CvD5	1
1	CvD11	1
1	CvD13	1
1	CvD14	1
1	CvD25	1
1	CvD26	1
1	CvD34	1
1	CvD36	1
1	CvD37	1
1	CvD39	1
1	CvD40	1
1	CvD42	1
1	CvD43	1
1	208-5141	1
1	208-0121	1
1	208-4906	1
1	208-5148	1
1	208-5154	1
